6.275513442233205e-11
6.275513442233205e-11
6.275513442233205e-11
6.45741238258779e-11
6.275513442233205e-11
6.275513442233205e-11
6.275513442233205e-11
6.45741238258779e-11
6.275513442233205e-11
6.275513442233205e-11
6.821210263296962e-11
6.366462912410498e-11
6.912159733474255e-11
6.366462912410498e-11
6.275513442233205e-11
6.366462912410498e-11
6.275513442233205e-11
6.275513442233205e-11
6.275513442233205e-11
6.275513442233205e-11
6.275513442233205e-11
6.45741238258779e-11
6.275513442233205e-11
1.6448959286208265e-05
6.275513442233205e-11
