4.632738637155853e-11
4.639844064513454e-11
4.6348702653631335e-11
4.632738637155853e-11
4.6341597226273734e-11
4.633449179891613e-11
4.6341597226273734e-11
5.288569582262426e-11
4.632738637155853e-11
4.633449179891613e-11
4.632738637155853e-11
4.632738637155853e-11
1.951150352397235e-10
4.632738637155853e-11
4.6341597226273734e-11
4.632738637155853e-11
4.632738637155853e-11
9.602985073797754e-11
4.6341597226273734e-11
4.632738637155853e-11
4.6341597226273734e-11
4.632738637155853e-11
4.632738637155853e-11
4.637001893570414e-11
4.632738637155853e-11
