-0.14065468245754573
-0.1405113201297566
-0.14059279931895474
-0.14070444369582957
-0.14063629674444753
-0.14062095506913103
-0.14066421362645243
-0.14062317832175536
-0.14042330476203957
-0.1401455728654583
-0.14071865192576588
-0.14068501471129774
-0.1405839513002503
-0.14069272527708493
-0.14069277431170196
-0.14056761217186564
-0.14039932038929642
-0.14060532707979706
-0.14071060194244853
-0.14062524086953077
-0.1405199565865093
-0.140671689461548
-0.14061117224356223
-0.14072149377989043
-0.14071913442339934
