3.943375910682949e-61
1.1625554795338116e-70
1.957531610005308e-60
2.9196728562563595e-83
8.100465756800173e-64
2.1014156731332146e-63
1.3756262566550786e-71
7.012839269026305e-64
2.170469986611032e-53
2.979404545714226e-65
7.022732774323608e-61
3.9430986230770345e-62
5.959491482212573e-59
4.0695739869208607e-76
8.319670554707704e-53
1.221722118510656e-60
2.4316614630246014e-53
1.960814272854574e-62
1.3378351718552013e-71
9.17448523324579e-81
1.5646953857360467e-57
7.56238867363423e-63
2.262683121460016e-64
2.244735617576022e-71
1.3077686927622227e-61
