-3.530260528350482e-10
-3.5853986446454655e-10
-3.0388491722987965e-10
-3.2943603400781285e-10
-2.88082446786575e-10
-3.5984726309834514e-10
-2.771969320747303e-10
-3.8184566619747784e-10
-3.632578682299936e-10
-3.147704319417244e-10
-3.7061909097246826e-10
-2.8254021344764624e-10
-3.6703795558423735e-10
-3.7124436857993715e-10
-2.814033450704301e-10
-3.8900793697393965e-10
-3.652189661806915e-10
-3.048796770599438e-10
-3.079492216784274e-10
-3.6200731301505584e-10
-3.956870386900846e-10
-3.367688350408571e-10
-2.96523694487405e-10
-3.084039690293139e-10
-3.849436325253919e-10
