4.490630090003833e-12
4.945377440890297e-12
1.7053025658242404e-13
5.684341886080802e-14
5.684341886080802e-14
3.979039320256561e-13
6.252776074688882e-13
1.7053025658242404e-13
1.7053025658242404e-13
1.0800249583553523e-12
-5.684341886080802e-14
300.00849999999997
5.684341886080802e-14
7.389644451905042e-13
1.7053025658242404e-13
2.8421709430404007e-13
2.8421709430404007e-13
1.3812950783176348e-11
1.7053025658242404e-13
3.979039320256561e-13
2.2168933355715126e-12
5.684341886080802e-14
3.979039320256561e-13
5.684341886080802e-14
-5.684341886080802e-14
