2.446392510790929e-08
1.6843994532500517e-07
2.8188762435377157e-10
3.033759465864705e-08
8.06592392876837e-09
1.3974249373216452e-06
3.8527891987882867e-10
1.7272686281266658e-08
1.1128449828312625e-08
4.976773881892882e-09
3.976471263378301e-09
6.3804744820927795e-09
4.451696788976278e-10
6.692645770911554e-09
1.4933270777728325e-06
2.6360385640966655e-07
0.00543809654102434
2.1209744593964075e-07
0.005437079985146087
2.0038034709290997e-07
4.993251256912856e-09
2.906285212489479e-09
1.1125370358300302e-07
4.58367122035952e-10
2.991425995801933e-10
