-1.000222127345296e-11
-8.609335466758239e-12
5.687008641785951e-10
-1.000266536266281e-11
-9.99600402451506e-12
-1.0002443318057885e-11
-1.0002443318057885e-11
-1.0002443318057885e-11
-1.0002443318057885e-11
-1.0001999228848035e-11
-1.000266536266281e-11
-1.000266536266281e-11
-1.0002443318057885e-11
-1.0002443318057885e-11
2.123461406711158e-10
-1.0001999228848035e-11
-1.000222127345296e-11
3.1078209783430566e-07
-9.715561688494745e-12
-1.0001999228848035e-11
-1.000222127345296e-11
-1.0002443318057885e-11
-1.0002443318057885e-11
-1.0002443318057885e-11
-1.0002887407267735e-11
