4.632738637155853e-11
4.6341597226273734e-11
2.176676616727491e-09
4.632738637155853e-11
4.6341597226273734e-11
4.632738637155853e-11
4.6341597226273734e-11
4.632738637155853e-11
4.6355808080988936e-11
4.633449179891613e-11
4.632738637155853e-11
4.632738637155853e-11
4.632738637155853e-11
4.6355808080988936e-11
4.637001893570414e-11
4.632738637155853e-11
4.632738637155853e-11
5.503864031197736e-11
4.6341597226273734e-11
4.830269517697161e-11
4.633449179891613e-11
4.646949491871055e-11
4.632738637155853e-11
4.6348702653631335e-11
4.632738637155853e-11
