-0.14065478750906507
-0.14071822548815335
-0.14059211683723336
-0.14066655752260476
-0.14068542040014925
-0.14009198273489729
-0.14058400950165162
-0.14070982838780377
-0.14072500637964486
-0.14062379009437065
-0.1407211337629618
-0.14061399378145029
-0.1406969832762353
-0.14065192860843828
-0.1407504286820451
-0.14072864035218513
-0.14063918279840382
-0.13918557014351687
-0.14070565063081064
-0.1406304736138415
-0.14058709154157706
-0.14072678591736687
-0.14070984399326253
-0.14069522674006146
-0.14008937572069613
