-3.432489847909892e-10
-3.8704683902324177e-10
-3.4913227864308283e-10
-3.2747493605711497e-10
-3.943512183468556e-10
-2.8057911549694836e-10
-3.580851171136601e-10
-3.580851171136601e-10
-2.5926283342414536e-10
-3.7826453080924693e-10
-3.452100827416871e-10
-2.6557245291769505e-10
-3.9241854210558813e-10
-3.580851171136601e-10
-3.7988456824677996e-10
-3.816751359408954e-10
-3.4225422496092506e-10
-1.6001422409317456e-10
-3.147704319417244e-10
-3.4506797419453505e-10
-3.310844931547763e-10
-3.24945403917809e-10
-2.6986413104168605e-10
-3.317381924716756e-10
-3.185220975865377e-10
