2.3816515160035578e-07
5.751083087535136e-08
3.1307429460003533e-07
3.265143933006698e-09
3.9294367759623583e-10
8.272463825065302e-10
2.3597434006816798e-09
1.0240860397470186e-06
3.3994008374893525e-07
9.907082454407856e-08
1.0767637670383579e-07
9.703218588619222e-07
2.493029116479306e-09
3.784134499085212e-07
5.183512286066616e-09
2.1714228041203043e-06
1.323239740003146e-09
5.921980024692353e-06
1.7156425236031225e-07
4.943337683638305e-08
6.443846907178141e-07
1.3463088640586207e-06
7.987466599246318e-08
1.9941448159421782e-07
2.2568003021916638e-10
