-1.0001999228848035e-11
-1.0001999228848035e-11
-1.000266536266281e-11
-1.0002443318057885e-11
-9.827250124772036e-12
-1.0002443318057885e-11
-1.000266536266281e-11
-1.000266536266281e-11
-1.0001999228848035e-11
-1.000222127345296e-11
-9.995337890700284e-12
-1.000266536266281e-11
1.8040504201621843e-08
-1.000177718424311e-11
-1.0001999228848035e-11
-1.0002443318057885e-11
-1.000088900582341e-11
-1.0001111050428335e-11
-1.000088900582341e-11
-1.0001555139638185e-11
-1.0002443318057885e-11
-1.000266536266281e-11
-1.0002443318057885e-11
-1.000222127345296e-11
-1.0001555139638185e-11
