-1.8189894035458565e-12
-1.8189894035458565e-12
-1.8189894035458565e-12
-1.8189894035458565e-12
-1.8189894035458565e-12
-1.8189894035458565e-12
-1.8189894035458565e-12
-1.8189894035458565e-12
-1.8189894035458565e-12
-1.8189894035458565e-12
-1.8189894035458565e-12
-1.8189894035458565e-12
-1.8189894035458565e-12
-1.8189894035458565e-12
-1.8189894035458565e-12
-1.8189894035458565e-12
-1.8189894035458565e-12
-1.8189894035458565e-12
-1.8189894035458565e-12
-1.8189894035458565e-12
-1.8189894035458565e-12
-1.8189894035458565e-12
-1.8189894035458565e-12
-1.8189894035458565e-12
-1.8189894035458565e-12
