-54.18188789980175
-0.0004764723185388675
-0.455318055778303
-54.18188789980175
-54.181887899801744
-54.18188789980175
-54.18188789980175
-54.18188789980175
-0.000508862802349408
-0.00035251508845790536
-0.4553182976547454
-0.0005093167853189584
-54.18188789980175
-54.18188789980175
-54.18188789980175
-54.18188789980175
-54.18188789980175
-54.18188789980175
-54.18188789980175
-54.18188789980175
-0.0003298094285693054
-0.010321001415578124
-54.18188789980175
-0.4553214346592007
-54.18188789980175
