0.0020958528572849744
-0.00010849836032633675
-1.1796469649993924e-06
-3.926750144600533e-06
0.00011398257474226625
0.00011018994556977191
0.0010230646190017012
2.1434677062615037e-05
0.0006230316249116186
-0.004579559595123683
2.8576870516161534e-05
4.297324714030992e-05
0.00019990083087861876
0.00019879878797368633
0.00037064930646835137
0.003709731829083296
4.7078622625207345e-05
-2.138949611207863e-06
0.0004905099452816586
-0.00039424729769521605
0.00785254473853314
0.00034408637267446807
8.24620448014457e-05
0.006029038808359033
0.00017332911476941604
