0.01847214913557238
4.2361694376324976e-05
-5.684918047776932e-05
-1.879484653832808e-05
8.067575485881662e-06
-8.146776774964337e-06
0.00013162442539993435
5.77195768514116e-06
-4.809652206638759e-05
-3.2837813357389223e-06
1.4184116588822349e-05
7.890397730947463e-05
-5.792054996689444e-05
-0.0002032514514151984
1.640607464992172e-06
-7.390950304397848e-05
-6.009885773039514e-06
-2.705661604807119e-05
-3.862067294013727e-05
2.34957820985926e-05
3.15299781696865e-05
-1.3713350975108618e-05
-7.090233074080743e-05
0.0026380288156641063
-0.0003160137414894848
