1.0820091752350436e-05
0.0002260737598014373
0.00018295372014520694
5.105587198528383e-05
5.105398657079263e-05
4.218479005935194e-05
3.102176724212313e-05
4.52555056114079e-05
0.00016390694152512708
0.0004913032997322375
3.3320300794059676e-05
0.0077681977340340325
2.1674264466753357e-05
3.331840491860305e-05
0.0003627528644187805
0.00030814945240109637
0.0003266589684915999
1.3308721566573922e-05
0.00017504937182266644
2.271088401784027e-06
0.00021078380006755992
0.00036499464067674126
4.936477705363984e-05
0.03785258515825518
0.0011126533800336347
