3.850292027725345e-26
5.368878852559738e-26
6.538297351815846e-26
1.0604065503207146e-25
3.986623854300932
1.8126564209304192e-25
5.0632408578076795e-26
3.986623854300931
1.1154813674567853e-25
1.7512100728704916e-25
1.0033005396132162e-25
2.775863474814327e-26
9.458447183980589e-26
3.9209795115113874e-25
4.4597622653136054e-26
3.01770222059712e-25
3.9866238543009325
3.657238042695133e-26
1.3587849293329608e-25
3.9866238543009307
1.215597677090647e-25
1.1292706560800486e-25
7.908749164158476e-25
5.163789808344248e-26
7.873561530443027e-26
