2.9265834200487006e-10
1.4620759714034648e-08
1.3022471989643236e-09
6.221512194315437e-10
1.8675610391483133e-08
1.971214302898261e-10
1.4597993924780894e-08
3.046963570341177e-09
4.353005067514459e-09
3.801122971935911e-09
6.412972908265147e-08
3.8730281204379935e-08
1.0036393049972503e-08
3.707480544790087e-09
6.82391032569285e-10
5.8832201332847944e-09
5.067830155525144e-08
4.216891724695415e-09
6.887326264859439e-10
2.6776092454383615e-09
4.877641269773747e-07
2.268018661766291e-09
1.619839906652487e-08
3.915156021605526e-08
5.728502627810883e-07
