7.105427357601002e-15
7.105427357601002e-15
7.105427357601002e-15
7.105427357601002e-15
1.0658141036401503e-14
7.105427357601002e-15
8.881784197001252e-15
8.881784197001252e-15
7.105427357601002e-15
7.105427357601002e-15
7.105427357601002e-15
7.105427357601002e-15
7.105427357601002e-15
9.769962616701378e-15
1.0658141036401503e-14
1.4210854715202004e-14
3.552713678800501e-15
3.552713678800501e-15
7.105427357601002e-15
6.217248937900877e-15
8.881784197001252e-15
7.105427357601002e-15
8.881784197001252e-15
3.552713678800501e-15
8.881784197001252e-15
