0.9971183202053708
0.010855265018702598
0.01085526501870282
0.01085526501870282
0.010855265018702598
0.01085526501870282
0.010855265018702598
0.010855265018702598
0.01085526501870282
0.01085526501870282
0.01085526501870282
0.01085526501870282
0.01085526501870282
0.01085526501870282
1.1921680770636573
0.01085526501870282
0.010855265018702598
0.010855265018702598
0.010855265018702598
0.010341844241394504
0.010855265018702598
0.01085526501870282
0.01085526501870282
0.010855265018702598
0.010855265018702598
