0.030855482968054848
0.030855482968054848
1.071107015036536
0.030855482968054848
0.030855482968054848
0.03153865334080641
0.03153865334080663
0.031538653340806855
0.03153865334080652
0.030855482968054848
0.030855482968054848
0.03153865334080641
0.03153865334080641
0.030855482968054848
0.8119516180363523
0.03085548296805496
0.03153865334080663
0.03153865334080652
0.030855482968054848
0.031538653340806855
0.14163944244392113
0.030855482968054848
0.03085548296805496
0.030855482968054848
0.03153865334080641
