0.014678769282999701
6.099010337250226e-05
0.0001060661228886051
0.000354988891695301
0.002479664612494576
444.89516838591436
1.1955215942407234e-05
0.040537076447763394
0.0018340464421043397
0.00045081930516286794
0.0016653744861862777
0.0006092812908352058
0.0033046157035625987
0.0021634189282192257
0.00245484900971579
0.023421557680726443
0.009563520252243643
18.795230352414343
0.015297443886928766
0.002079213873602023
0.004388253511328789
0.008051638377385067
0.0009568452097237188
0.00280091386609297
0.0010119920368189758
