0.05124771239330506
0.001047066293778298
0.017422421404993532
0.03876341736885412
0.00400202473631802
0.014696368146442018
0.007654252838447872
0.12736550656628612
0.0441915594100393
0.002042884806422118
0.04158249920015385
0.14508734840004678
0.7312309305750764
0.0724862643021817
0.001885825146978708
0.01527024885520055
0.07591129896305972
0.019093427634356702
0.048793503732948065
0.21619686512797914
0.0005180689168395958
0.024928831801374094
0.004792694453001376
0.008059625409790338
0.00324012809189207
