-7.586096411426214
-1.5827616645192992
0.2595974088666277
0.0011379369649287408
0.08306496150914097
0.07208442902423667
0.0023856875087638753
0.05936142527200422
4.216326246570911e-05
0.2902821866586043
-9.252090583368311
-0.9246901381244259
-1.850384632724199
0.6361647900386502
0.007791658600673224
0.0022776064104774144
-1.9134192456860264
3.267024357943295e-05
-1.139700393437849
0.0003535528746817426
5.430454804309678e-05
0.0009301862038119865
0.03658144749482702
-1.3799005144492007
0.008267088470434959
