0.17402261938292116
3.8353699786260247e-05
0.00324938487044535
0.004239173372207035
1.434395865279845e-05
0.0007148915744886257
0.0002577524391881551
0.004680708845575497
0.0005059862985254661
0.002543778566674778
2.0967160057373952e-06
0.00046911663759800846
0.00111840287148869
0.07518389031720817
1.5675602130143514e-05
2.471339717133756e-06
0.0008030318370434032
4.4364396010703204e-05
0.0010058540404120275
0.01610799739502493
0.0038375830874884
0.0007813553786835584
0.02844679504702003
0.00012404103979735782
-0.11597699461632704
