2.2529085253692993e-18
1.0557948559753638e-18
3.107440040223458e-19
3.6390193567667375e-19
3.9599143465034696e-19
3.256386624168967e-19
2.0309062412990516e-19
1.56492229512159e-18
3.9640444572702356e-19
1.0317488024146373e-18
1.01483451990127e-18
6.599761849535242e-19
1.1725132841201406e-19
3.2321866157577744e-17
2.2190591939022732e-20
2.309642605018979e-19
7.498626867680701e-19
1.155877554307064e-18
4.1323759577312463e-19
1.3324074755167767e-18
1.421062520033406e-18
1.235290783574163e-18
2.3842724580581107e-18
7.330732082349357e-19
3.2579719218436926e-19
