2.441771020691913e-29
9.403468509267342e-29
9.648754946984501e-29
9.860761315262648e-29
2.0756902568627873e-29
7.124400050277263e-29
3.457429436163966e-29
4.600045153570025e-29
2.8398992587956425e-29
9.33074539456728e-30
6.941975965944904e-29
4.966125917399151e-29
7.194657974648509e-29
7.124400050277263e-29
1.159255752125565e-28
4.600045153570025e-29
2.0756902568627873e-29
7.124400050277263e-29
4.4965071597597673e-29
5.862222601923644e-29
1.0255191767873153e-29
5.600912427069184e-29
3.053138222238197e-29
8.440811685864826e-29
1.1795935723382942e-29
