9.992895516887167e-28
4.214612645659696e-28
8.272315926890276e-28
5.828819272968192e-28
5.9795656615752695e-28
8.26048301331196e-28
8.83326998621228e-28
1.3763650643843603e-27
6.995224077047322e-28
6.970695433275606e-28
9.298204882226914e-28
9.513662516965402e-28
7.748709501049829e-28
6.65022069052957e-28
6.860624685093987e-28
7.475936191166376e-28
4.106144271191807e-28
8.88849024957775e-28
6.140419330530491e-28
5.308171075522324e-28
7.0524164926758455e-28
9.520688309402527e-28
8.317675428940484e-28
7.8167487541251415e-28
1.0719756885338465e-27
