2.0226886647932506e-29
1.2141062369417135e-29
6.175301773683233e-30
9.25678968470281e-30
1.5296505990301182e-29
1.0242865816229075e-29
3.9865791123471364
6.175301773683233e-30
1.1241267899399418e-29
6.175301773683233e-30
6.175301773683233e-30
6.175301773683233e-30
3.986579112347137
6.175301773683233e-30
9.25678968470281e-30
6.175301773683233e-30
1.2141062369417135e-29
6.175301773683233e-30
7.420222889735142e-30
6.175301773683233e-30
6.175301773683233e-30
1.4248800100554526e-29
1.318876825916379e-29
8.763751618939678e-30
6.175301773683233e-30
