4.188769966877733e-73
7.833526250733916e-68
3.481121399126808e-66
5.0800454252571625e-56
6.614716064465984e-73
2.5839621081889915e-73
2.2174101267524654e-82
1.5931428786092508e-67
2.2988474096532527e-70
8.617903617977832e-73
3.250401163547366e-61
2.2782162916478043e-53
2.2268707622386163e-78
8.214700229962588e-75
1.9014675916056664e-70
1.360024352192355e-75
1.5614181275236782e-69
5.896161157893867e-72
5.4680770452791285e-68
4.471479776969351e-72
1.9437049588326385e-54
1.2066474550885096e-65
1.5675585356270387e-75
3.8147692655738385e-73
6.469741960190844e-64
