0.0004240585953469334
0.00034968230220194644
5.0784483538742565e-06
0.01842701401018211
1.2586875781900381e-06
0.00010103634826859251
6.840529268455612e-06
2.5205931968989734e-06
9.603394588478528e-07
1.1862173487540019e-05
1.2521666882114124e-06
2.762994213243522e-07
1.9787073486324477e-05
6.582022385846592e-06
0.00011489151948537496
1.3035086291582727e-06
5.1548624056717755e-05
0.0002221872940541903
3.070667232592027e-05
1.1545330458215444e-05
2.299713460159461e-06
0.0003172114487493213
4.0926610014504304e-05
4.9783787208282204e-05
5.7727582316057907e-05
