4.586087259054807e-12
6.701961466682119e-14
1.5962240500447024e-10
2.8106957513172487e-15
1.9006993375715912e-14
2.3300437544164175e-11
1.84582410495288e-12
9.330085500499982e-13
1.5543711401460803e-14
1.361829885810954e-09
8.661224004947421e-13
1.0709252350658179e-10
9.722409208385065e-14
3.611853123965042e-08
1.3550704668857657e-13
1.2459300024326084e-11
7.166208837961593e-12
2.664481288090663e-10
2.2512470652662545e-15
9.963927143924689e-11
7.182197675772234e-12
9.093987284869665e-12
1.0031113345020755e-13
2.2136877648559174e-11
9.67525354127872e-14
