5.105333460811336e-85
8.767365716623332e-68
3.5942277767580514e-83
9.109502655352487e-80
3.369559649955884e-81
4.033189752094547e-77
2.173936015053406e-90
1.860937610473228e-84
2.0279907045387844e-76
2.666104864786387e-81
9.98740203596431e-81
1.5128167711726115e-82
6.768486725965983e-82
2.3514127547426223e-82
1.3611327269781702e-80
6.830186237019051e-80
1.4675082536882547e-83
9.836688962508718e-81
7.344714689777699e-95
3.525731371928591e-72
5.778531400404035e-89
1.8507377730256083e-64
6.91938385817354e-80
1.9503682622821637e-74
2.492492881634591e-80
