1.2912873685730372e-21
3.150564067081238e-15
9.612664356392831e-18
3.242596312992187e-18
1.3552104772459083e-16
3.246769778468013e-18
1.4317362707752265e-12
3.027988452121833e-14
1.272241218353952e-15
1.5706571056756824
4.0231170402518916e-16
1.0560652078748222e-18
2.267885813019351e-18
2.5628990593749143e-11
3.796725540488842e-18
1.1651672523642182e-14
5.255778578906413e-22
5.634486952207285e-21
3.5003063988164266e-19
3.860110419339337e-19
1.1202575775455276e-20
9.368666135512554e-17
2.685216996382179e-11
3.767228442674682e-14
5.179841388864029e-24
