0.010342014048349779
0.08314783563427108
0.08235418863704735
0.010342030228261079
0.010855431869707166
0.010341935300133609
0.010861458468292007
0.0108557798420853
0.01085536698898859
0.010342808186012742
0.010342518466726514
0.010342406326272702
0.010345440045180454
0.010342024507909775
0.009864672061006163
0.010341936998440993
0.010342006087837752
0.010855463819061106
0.010341889526219061
0.01034255019299346
0.22832137489724158
0.2400151212748174
0.010861382698252542
0.010341907737940192
0.010341923864810587
