0.005600060859688794
0.00012325225599954713
0.0
16.66675036085165
16.666633339842125
0.001682385658033611
0.00030084101662565657
0.0036661919442092365
0.0008295340138231596
0.0009773875180978911
0.002598270976235643
0.001592635101896353
16.666635094757293
0.000776541627408359
4.502195067054214e-05
0.0003342092301969873
0.001809051251627574
102.08330000034003
4.1080025912527095e-05
0.013268921682246424
0.010562427412544338
0.00037355935977549247
0.000181370270787544
7.073029335756403e-05
0.24880251797987685
