0.012458005827856349
0.003773938754933297
0.0017650568937191537
0.009159000852514103
0.004682492632098232
0.030556641371353156
0.0014095258838882922
0.0074574831820984734
16.66667334605037
0.008902362071824101
0.009926709370026826
0.02004094757847843
0.002146885153074415
49.99996734953182
0.002750295631936074
0.023882255225806576
0.0011492265594335947
0.0017719721893990513
16.66663340074633
0.0029481007692151993
0.007575228699948473
0.0012510402553435813
0.0018923207880114472
0.00259500738694549
0.013094365980568087
