0.01740258134367431
4.92463566760619e-06
-0.4113932509071098
0.0003958323650102059
0.0001837290078691604
-0.49832391406556437
0.004454162682048283
4.466048761116604e-05
0.0014158326854491455
0.0006265073550995306
0.07915460573765384
0.006030390976464637
0.0002595824095834885
0.0001797019726350292
0.08412024656769845
0.045487337014608054
0.6965431462149381
1.3372976511463648
0.39899070577831364
0.04580128144201629
0.10390103970605039
6.072490473759081e-07
0.032157871975143484
2.4602582625971027e-05
0.2624604492534496
