6.068848870444174e-19
8.075432699678774e-19
8.799234735302017e-20
1.5815599851599814e-19
7.196979773718134e-19
9.694165797122429e-19
7.401588536571702e-19
3.3298358867433353e-18
8.915344239398045e-19
1.566165992478077e-19
3.222716186456845e-18
6.09757373964192e-19
8.832648016440122e-19
3.1162257984263034e-18
1.8544332640781607e-19
3.3271018679584314e-19
2.267438131744838e-19
2.3008257784414403e-19
7.227386012538075e-20
1.338561261113276e-19
2.948548483999671e-19
1.5790665035353477e-19
3.6104924683615092e-19
6.735626749285889e-17
1.963429659646564e-19
