2.4614925433224384e-29
7.194657974648509e-29
7.243961781224822e-29
1.1661582850462489e-28
7.124400050277263e-29
6.153115060723892e-29
2.391234618951192e-29
5.679798517591285e-29
1.735493991486226e-29
8.386577498630882e-29
4.966125917399151e-29
7.573064690121713e-29
8.821683591666846e-29
8.914128228997433e-29
5.281670279487556e-29
8.440811685864826e-29
4.40406252242918e-29
1.3821089578505008e-28
8.67746995743113e-29
6.074228970201791e-29
2.1459481812340337e-29
6.04094890076278e-29
1.262177448353619e-29
3.653412067304811e-29
7.573064690121713e-29
