5.193786244265277e-28
4.739081888115228e-28
6.730092857183198e-28
5.825861044573613e-28
4.417744328754107e-28
1.0931639994100171e-27
1.336342699396038e-27
6.71628779134183e-28
4.604112717612571e-28
1.1183582445705132e-27
4.335900009837427e-28
6.04267453399295e-28
6.364135352870513e-28
8.0662260154012865e-28
8.058337406349076e-28
5.493553388249262e-28
7.426262606040741e-28
3.5223872013282585e-28
6.371161145307637e-28
7.05783991139924e-28
3.776671583745594e-28
6.074352229718232e-28
5.820930663915982e-28
5.992507910801552e-28
1.6567558123838537e-27
