2.2945672169805207e-19
1.2053393333765184e-18
2.6356907892352483e-18
9.377088493912009e-19
9.237334532384076e-19
4.443462433881485e-18
6.157076593768666e-19
3.0217094390311353e-19
4.827060950902915e-18
3.681245773259273e-17
2.29809406422273e-18
1.2585785348368611e-20
2.7885008463391506e-19
4.617140741132009e-18
5.346780909138395e-19
1.348649307501733e-17
2.523960990412319e-18
8.883747274266638e-21
1.887809840745825e-18
9.713302298203278e-19
1.1370911113171197e-17
4.264128715344986e-19
3.1265827040926513e-20
1.0631984350388797e-19
3.868639018463641e-17
