4.8771325465289055e-28
6.863089875422803e-29
9.466330862652142e-30
1.3883951931889808e-28
1.0117141109459476e-28
1.5461673742331831e-28
1.135959703518257e-28
5.857292221266013e-29
1.0432685471547881e-28
9.643824566326869e-29
2.0845649420465237e-28
6.626431603856499e-29
6.547545513334398e-29
1.8932661725304283e-28
2.51054983086587e-28
8.854963661105858e-29
1.0570736129961558e-28
6.172836583354417e-29
1.475169892763292e-28
1.1044052673094165e-28
9.781875224740546e-29
8.223874936929048e-29
1.0097419586828951e-28
8.539419299017453e-29
1.8952383247934809e-28
