1.6112483989139166e-27
8.290928113872834e-28
3.0513139813948737e-27
5.9795656615752695e-28
1.297281758635954e-27
9.896260055997593e-28
7.616452039908869e-28
1.1111105850037951e-27
9.687211916114025e-28
1.2215511117347368e-27
1.2400893430074306e-27
6.204391019563258e-28
8.255429373137889e-28
1.0468184212282827e-27
9.592548607487504e-28
9.056123191937216e-28
8.831297833949227e-28
2.216699143671043e-27
8.764244657005441e-28
2.4079979131871385e-27
3.005560048892055e-27
1.5217126861713318e-27
8.886518097314698e-28
1.2968873281833434e-27
3.1223114628647647e-27
