4.659174506612989e-16
3.4561914383164584e-15
3.511580058277246e-14
2.756197350918594e-16
3.297281161873608e-20
2.333570960292066e-12
2.761262503813351e-15
3.986623854300959
2.8098816856445956e-13
4.705944333917576e-22
1.2209994844795498e-16
3.986623854301078
1.422149975723641e-14
1.143879886116807e-13
5.563237258645979e-18
9.988512823237133e-15
3.9866238543010635
4.0018967471113797e-14
1.0255611654019675e-12
2.6626057927792816e-13
1.9508242574825544e-17
4.473405436172478e-14
1.723993597071597e-14
5.992704296244792e-21
5.328416771553902e-14
