5.036383841770397e-28
6.304835199510852e-27
2.0326110558667336e-27
1.8677514526271862e-28
4.3064163335047916e-27
1.2768699827133602e-27
9.142404853445764e-28
2.1525672172669037e-27
2.6798591026489297e-27
1.6029900113123841e-28
1.6748503093973607e-28
1.1089412175144373e-27
1.0033817676345507e-27
7.263313525306025e-28
5.430814294380903e-27
8.1910879055558e-28
9.10246877011895e-28
1.6009932071460435e-27
1.1547074759689001e-27
1.4652598276414531e-27
1.0148942064701198e-27
3.139370579940169e-27
1.2750716263684892e-26
1.5270128453782854e-27
1.8714615640720538e-27
