0.00019322529838206037
0.00011001331935378555
0.0002959919883167572
0.00012208057957458981
0.0001171112198035118
0.0004082733651600279
0.0006145592032096303
9.30446505726934e-05
0.000501978317536747
0.00024857951706591663
0.0002872090799521665
0.00030402295475795427
0.00041900951681217435
0.0003414358807951601
0.00022890743230075117
0.00031898382507211664
0.0002185425793601592
0.00027925465691058804
0.00027317507971247323
0.00023436055614833862
0.0005105912564493664
0.00028499809616899796
0.00042952167320915377
0.0002830710844090589
0.00018106812221052593
