-90.36682467335423
30.576210967520314
-90.36682467335424
-90.36682467335422
-0.0002839809171142349
-0.00028398091711601126
39.81950796043496
-90.36682467335424
44.711174146552054
45.13219210569663
-0.0002839809171177876
-0.00028398091711601126
-0.0002839809171213403
-0.00028398091711601126
-0.0002839809170969154
13.895698955104425
-0.00028398091711956397
-0.0002839809171213403
-0.00028398091711245854
32.67347712913072
108.2369933600305
-0.00028398091710712947
-90.36682467335424
-0.00028398091711689943
90.29976727069658
