-0.00013446980851483659
-0.00013453121805384605
-0.00013452434527727597
-0.0001345305578848155
-0.00013453383081074577
-0.00013449114881314284
-0.000134527818303809
-0.0001345322419838979
-0.00013452494488142008
-0.00013451985613310846
-0.00013450190149599806
-0.00013453396557849828
-0.0001345101910921187
-0.0001345343938812249
-0.0001345256643818793
-0.00013452232319188795
-0.00013451953669729733
-0.00013453266281615583
-0.00013452428714977316
-0.0001345242920747225
-0.00013453419910502973
-0.00013453163691012904
-0.00013453433571020135
-0.00013453406873542573
-0.0001345343863743409
