100.3048938940351
-0.004975246909498132
-0.004975246833030411
-0.00497524526054427
-0.004975246468727157
-0.004975246915208398
-0.004975246918093035
-0.004975246917992671
-0.004975232319746503
-0.004975246894632357
100.3048938940351
-0.004966072825988377
-0.004975246781443232
-0.004975246917971354
-0.004975246917960696
-0.004975246913191178
-0.004975246899098451
-0.004975246699000735
-0.004975196937762882
-0.004975245698120467
100.30489389401274
-0.004975245718343291
100.30489389400572
-0.004975246698633862
100.30489388684049
