-0.0026653678929955404
-0.0025163429261736425
-0.002663971352451
-0.002515575437318951
-0.00265656592335084
-0.0026209014602081027
-0.0026346823529563856
-0.002646121438728777
-0.002665486821861407
-0.00266296936775845
-0.002662062226997719
-0.0026492444688281935
-0.0026474896090595834
-0.002665070902775568
-0.002665400399735285
-0.0025014145593225123
-0.0026541265886628196
-0.0025408506770006056
-0.0026578364987936975
-0.002665484800572493
-0.002647363937338554
-0.0026654895858700955
-0.0026293581839720304
-0.002654035876265226
-0.002646455627140165
