1.250140903122538e-65
9.600369102350635e-51
3.0706345172220885e-52
5.391546486248128e-57
1.4454410557636247e-50
1.6079081988099618e-48
7.784046407240853e-52
1.2153367523314316e-48
1.9108652231205134e-64
1.4959591907229807e-51
5.760172203940369e-45
2.8655692418423244e-54
6.090011802876742e-60
1.2785139280322883e-51
2.4999549398288313e-59
2.5185705260054464e-57
1.1636429812866493e-62
1.210272950966305e-40
3.458867032338045e-58
1.1260471317309415e-57
5.649491759897992e-51
2.1723348416208258e-55
1.544549574226843e-56
1.2851806351904252e-65
6.805315101751254e-47
