0.1982503158351392
-4949.2480205286
6.548361852765083e-11
1.6903586583794095e-06
6.275513442233205e-11
6.275513442233205e-11
2.736669557634741e-09
6.730260793119669e-11
1.3330918591236696e-07
6.275513442233205e-11
6.639311322942376e-11
6.366462912410498e-11
13950.751289461852
2.3655957193113863e-09
6.45741238258779e-11
6.275513442233205e-11
1.0277290130034089e-10
7.09405867382884e-11
-4949.2480205286
7.366907084360719e-11
3.562581696314737e-08
-4949.2480205286
2.164097168133594e-07
1.7709226085571572e-07
6.45741238258779e-11
