4.1897804670121275e-11
4.1897804670121275e-11
4.1897804670121275e-11
4.1897804670121275e-11
4.1897804670121275e-11
4.189777691454566e-11
4.1897804670121275e-11
4.1897804670121275e-11
4.1897804670121275e-11
4.1897804670121275e-11
4.1897804670121275e-11
4.1897804670121275e-11
4.1897825486802986e-11
4.1897804670121275e-11
4.1897804670121275e-11
4.1897804670121275e-11
4.1897804670121275e-11
4.1897804670121275e-11
4.1897804670121275e-11
4.1897825486802986e-11
4.1897804670121275e-11
4.1897804670121275e-11
4.1897804670121275e-11
4.189777691454566e-11
4.1897804670121275e-11
