4.632738637155853e-11
4.6419756927207345e-11
4.632738637155853e-11
4.637001893570414e-11
4.633449179891613e-11
7.059952622512355e-11
4.632738637155853e-11
4.632738637155853e-11
4.632738637155853e-11
4.632738637155853e-11
4.632738637155853e-11
4.632738637155853e-11
4.644107320928015e-11
1.2029488516418496e-10
4.637001893570414e-11
4.632738637155853e-11
4.632028094420093e-11
4.632738637155853e-11
4.6341597226273734e-11
4.6419756927207345e-11
4.6419756927207345e-11
4.6341597226273734e-11
4.637001893570414e-11
4.6355808080988936e-11
4.632738637155853e-11
