1.7621647472639314e-47
9.11486083789636e-59
6.626985922245315e-43
4.460413017335496e-51
2.064310903604889e-44
8.981996996882136e-42
1.1850742717516637e-53
1.2359926487122484e-56
7.345269060556873e-46
7.338316630492083e-47
1.358505116470733e-50
5.1041011316384376e-46
1.1270329436347261e-60
2.2091844028776435e-53
4.821946481160138e-50
1.7676494581457383e-51
7.59185375550599e-56
3.6942672529293374e-43
5.03866822420432e-67
6.471781724707518e-54
8.861300930468292e-65
3.42594976850415e-48
2.3140225275441341e-66
2.5604495413435956e-43
1.807553634893954e-44
