-0.14078766868620346
-0.14078778711797552
-0.1407862531200502
-0.14078777134645398
-0.1407870751445643
-0.14078726119836388
-0.14078626661161237
-0.1407841438120078
-0.1407866101710447
-0.14078745056318992
-0.1407848523481225
-0.14078771644837124
-0.14078687772891657
-0.14078709880079102
-0.1407859710437956
-0.14078733754171768
-0.14078715990253388
-0.14078743879610806
-0.14078402961916753
-0.14078685248308087
-0.14078234178869298
-0.14078769860114831
-0.14078756815049043
-0.1407869921604945
-0.14078773955089485
