9.947598300641403e-12
300.00850000000054
5.684341886080802e-14
7.389644451905042e-13
-5.684341886080802e-14
5.115907697472721e-13
6.252776074688882e-13
5.684341886080802e-14
1.5347723092418164e-12
-5.684341886080802e-14
1.7053025658242404e-13
-5.684341886080802e-14
-1.7053025658242404e-13
8.526512829121202e-13
3.979039320256561e-13
8.526512829121202e-13
-5.684341886080802e-14
5.684341886080802e-14
3.979039320256561e-13
300.27818234682906
5.684341886080802e-14
1.7053025658242404e-13
5.115907697472721e-13
1.7053025658242404e-13
6.252776074688882e-13
