4.673594844462059e-12
4.673594844462059e-12
4.673594844462059e-12
4.673594844462059e-12
4.673594844462059e-12
4.673594844462059e-12
4.673594844462059e-12
4.673594844462059e-12
4.673594844462059e-12
4.673594844462059e-12
4.673594844462059e-12
4.673594844462059e-12
4.673594844462059e-12
4.673594844462059e-12
4.673594844462059e-12
4.673594844462059e-12
4.673594844462059e-12
4.673594844462059e-12
4.673594844462059e-12
4.673594844462059e-12
4.673594844462059e-12
4.673594844462059e-12
4.673594844462059e-12
4.673594844462059e-12
4.673594844462059e-12
