2.251666719743639e-08
1.9304861154090247e-08
2.1192070320807943e-10
6.078423192557025e-07
2.0750684170955935e-08
5.915291589886351e-10
5.728814043259867e-06
1.5276174973877232e-06
3.893192419557323e-07
1.393863136023299e-09
2.0622681340398685e-10
1.9699815035911783e-06
2.1190932897319215e-08
2.724012869714798e-07
7.137618940333823e-09
1.4663481540111434e-09
1.2172793066866916e-06
2.863116049800496e-07
8.856839095461311e-07
1.9674034301697674e-07
2.9050688965526206e-08
3.468487275171128e-09
1.8215151609268787e-10
1.0111704751292194e-07
4.2350329687579347e-08
