-1.0002443318057885e-11
-1.000266536266281e-11
-1.0002443318057885e-11
-9.99689220293476e-12
-1.0002443318057885e-11
-9.992007221626409e-12
-1.000266536266281e-11
-1.000266536266281e-11
-1.0002443318057885e-11
-1.0002443318057885e-11
5.749207998562156e-09
-1.0002443318057885e-11
-1.000266536266281e-11
-1.000266536266281e-11
-1.0002443318057885e-11
-1.0002443318057885e-11
-1.0000666961218485e-11
-1.0002443318057885e-11
-1.000266536266281e-11
-1.000266536266281e-11
-1.0000666961218485e-11
-9.984901794268808e-12
-1.0002443318057885e-11
-9.948486479061103e-12
-1.0002887407267735e-11
