7.979039651218045e-11
7.979039651218045e-11
7.977973837114405e-11
7.977618565746525e-11
7.979039651218045e-11
7.977973837114405e-11
7.977973837114405e-11
7.978684379850165e-11
7.979039651218045e-11
7.978684379850165e-11
7.978329108482285e-11
7.978684379850165e-11
7.978329108482285e-11
7.978684379850165e-11
7.978329108482285e-11
8.002842832866008e-11
7.981171279425325e-11
7.978329108482285e-11
7.977263294378645e-11
7.977263294378645e-11
7.978684379850165e-11
7.978684379850165e-11
7.978684379850165e-11
7.978684379850165e-11
7.979750193953805e-11
