-9.811174095375463e-11
-9.822542779147625e-11
-9.822542779147625e-11
-9.822542779147625e-11
-9.811174095375463e-11
-9.822542779147625e-11
-9.811174095375463e-11
-9.811174095375463e-11
-9.822542779147625e-11
-9.811174095375463e-11
-9.811174095375463e-11
-9.822542779147625e-11
-9.811174095375463e-11
-9.822542779147625e-11
-9.822542779147625e-11
-9.811174095375463e-11
-9.811174095375463e-11
-9.811174095375463e-11
-9.811174095375463e-11
-9.811174095375463e-11
-9.811174095375463e-11
-9.811174095375463e-11
-9.822542779147625e-11
-9.811174095375463e-11
-9.822542779147625e-11
