-4.826516437450579e-05
-4.826625960419051e-05
-4.826627046838894e-05
-4.826638044974629e-05
-4.826560041237826e-05
-4.826638988930654e-05
-4.82659392062601e-05
-4.826631214882582e-05
-4.8266325954671174e-05
-4.826633770349531e-05
-4.826637238641851e-05
-4.826632082099991e-05
-4.826631554344374e-05
-4.8266382190575996e-05
-4.826611684194404e-05
-4.826633264620739e-05
-4.826580943273484e-05
-4.8266325549661815e-05
-4.826630215504224e-05
-4.826628717768955e-05
-4.826620754982969e-05
-4.826547190539543e-05
-4.826631247567548e-05
-4.826606480179407e-05
-4.826638710719866e-05
