-0.00010284169671948007
-0.00010284169675145449
-0.00010284169676566535
-0.00010284169668750565
-0.00010284169673013821
-0.00010284169674079635
-0.00010284169673013821
-0.0001028416967017165
-0.00010284169671770371
-0.00010284169673013821
-0.00010284169674257271
-0.00010284169673724364
-0.00010284169671237464
-0.00010284169674079635
-0.00010284169674434906
-0.00010284169674079635
-0.00010284169648144825
-0.00010284169675323085
-0.00010284169674434906
-0.0001028416967017165
-0.00010284169665197851
-0.00010284169673724364
-0.00010284169675855992
-0.00010284169663477005
-0.00010284169673369092
