-1.7149832913787577e-05
-1.7127146945128402e-05
-1.6950897087752992e-05
-1.6874986279447057e-05
-1.7074690200402642e-05
-1.699506115926397e-05
-1.6924150571639984e-05
-1.7008889841463315e-05
-1.7057900954853267e-05
-1.7119660919551194e-05
-1.6889047152801595e-05
-1.7016310145834268e-05
-1.6906464633592577e-05
-1.706517061705881e-05
-1.7018947177760424e-05
-1.7050556519571103e-05
-1.7119068353110833e-05
-1.7103576059440684e-05
-1.6907689307288365e-05
-1.7154238079797324e-05
-1.687603279165728e-05
-1.7041647318194464e-05
-1.714030294763802e-05
-1.6644871813298323e-05
-1.696736807055288e-05
