-0.1688181654349855
-0.1602795883767839
-0.16881748974957722
-1.4611974169948565
-0.09108409063282008
-0.10246907563330498
-0.16880218159532012
-0.10246745377623157
-0.1687943179741478
-0.1688192187866857
-0.16881937828626825
-2.7762104711347284
-0.1688119749609598
-0.16881338552204295
-0.12041313455226377
-0.1687614322939448
-0.12041415477132222
-0.1687807119488618
-0.16880816504460006
-0.16881190175287042
-0.16870572461270994
-3.84068981169258
-0.16881923935719323
-0.16874380936406996
-0.10246851789558287
