4.746154026130535e-25
7.398982809862067e-26
2.590939687488549e-26
1.6089486329727152e-05
6.930700185380901e-26
7.743779120392198e-26
3.986623854300931
9.158355867468365e-26
5.466102507861768e-25
5.656290462615699e-26
2.9005000465727864e-25
5.193386883432009e-26
3.9866238543009307
1.3751462742857939e-25
1.081194218464646e-24
3.430141011819141e-26
3.9866238543009307
3.9866238543009302
6.7332019552259e-25
6.981675391000151e-26
4.377034668702111e-25
1.3716003445168254e-25
6.316823420079883e-26
3.4693510965941183e-26
8.49877324087594e-26
