0.031183718591627385
0.030855482968054848
0.03153865334080652
0.03153865334080641
0.03153865334080641
0.08260701772159429
0.030855482968054848
0.030295908438170427
0.030668898553679158
0.03153865334080641
0.14792956570580185
0.6126051146043997
0.8206067296213585
0.20166579189489653
0.03170650996205904
0.030855482968054848
0.030808780186770024
0.13554021730055177
0.23580244237303605
0.030855482968054848
1.1269071930186136
0.03153865334080641
0.3929858925785883
0.030295908438170427
0.03153865334080641
