9.514246225101238e-22
1.4304367422424758e-20
1.753269269623548e-21
2.2798284700070754e-21
2.2080457675347876e-21
4.035405849102812e-20
2.4504805306294402e-21
7.618699581936212e-20
2.876694857670918e-21
6.343508366201992e-22
5.2295096271822434e-21
5.760022947074607e-21
4.8796947605860875e-21
4.786424243326668e-22
2.626547359856529e-21
1.0898639790557812e-20
3.5970324000785796e-21
1.755600819404817e-20
5.099764873110902e-21
8.491025101819932e-22
3.6341889576438265e-21
7.113743935731529e-22
3.037252394339968e-20
8.193911235814335e-21
1.7635681058482337e-21
