7.099748146989106e-29
4.966125917399151e-29
2.0756902568627873e-29
1.262177448353619e-29
1.427468459900709e-28
0.0
9.225974805592615e-29
1.1795935723382942e-29
6.612873057048013e-29
1.8932661725304283e-29
3.337867705216406e-29
6.941975965944904e-29
1.5777218104420236e-29
4.7196068845175847e-29
1.262177448353619e-29
9.466330862652142e-30
9.511936883735231e-29
4.088518160340775e-29
3.1554436208840472e-30
4.600045153570025e-29
5.862222601923644e-29
6.070531184708567e-29
1.1119240978123043e-28
4.7196068845175847e-29
3.337867705216406e-29
