1.0964303765956979e-27
4.930503917147765e-28
3.8882214461245027e-28
4.486646398444505e-28
7.207723483391232e-28
9.138090770370336e-28
9.818483301123459e-28
6.121560624515052e-28
4.4822090558526365e-28
3.7422821786586155e-28
8.714447812363365e-28
8.235707850507363e-28
2.208933794135274e-28
2.4829396991831347e-28
6.421451028015477e-28
3.631841651927674e-28
3.7865323450608567e-28
8.600679278688522e-28
6.56048776256068e-28
3.084446139414156e-28
3.50845887597045e-28
4.325053172390638e-28
7.454735554338562e-28
4.119949337033175e-28
5.992507910801552e-28
