3.9866238623980252
0.006692631238431522
0.03438454197143924
8.127488026415033e-06
0.04902956978048764
0.005220896393688333
0.017499659703698076
4.421072506040274e-06
0.05517791323538861
0.08910147243822454
0.0411710676037883
0.1397694555335713
4.225919150195347e-05
0.07224084417830293
0.00011741913085879099
0.013194489990803106
0.17219827091394113
0.05839845740961647
0.1593545696337763
0.08200091843263063
0.04174259610368217
0.0019779298055517666
0.05282401689423113
0.0009413791478678321
0.0051470580551679
