9.25678968470281e-30
6.175301773683233e-30
6.175301773683233e-30
6.175301773683233e-30
1.2141062369417135e-29
3.986579112347137
9.25678968470281e-30
1.4248800100554526e-29
6.175301773683233e-30
7.65441597097263e-30
3.986579112347137
9.25678968470281e-30
1.1241267899399418e-29
6.175301773683233e-30
7.469526696311456e-30
6.175301773683233e-30
8.665144005787052e-30
6.175301773683233e-30
1.1598720497077689e-29
1.2141062369417135e-29
1.4248800100554526e-29
9.25678968470281e-30
6.175301773683233e-30
1.064962222048366e-29
3.9865791123471364
