4.936166687300106e-72
1.5706571056756824
1.5706574739795849
1.5706574410448626
1.5706575201595947
1.5706574076807231
5.370307793486636e-75
1.362095333908926e-75
1.4970929111835916e-78
4.628845909081713e-75
1.5706571056756824
1.570658123669767
1.5706579798040632
1.5706571056756824
1.826407152828252e-72
1.5706571056756824
3.8023271303110267e-66
1.5706571056756824
1.5706581422495545
2.9588556726983016e-69
4.631180010900562e-72
7.19521049044633e-80
1.570657432286007
4.378984239373434e-64
1.1267037497814983e-73
