0.010855314473239508
0.010341847567261864
0.0108552801412507
0.010341852400107876
0.010341844721352023
0.010855286848565293
0.010855265063258512
0.010855300627181874
0.0108552710461719
0.010341846102687735
0.010855312764635139
0.010855289287236225
0.010855292252889392
0.010341847254418446
0.010855349270290526
0.010855353984141614
0.010855266800531505
0.22725670624390892
0.010341845501111835
0.010341851156063786
0.01085529546995434
0.010855276602247499
0.010855267964834159
0.010855357608720917
0.010855266440925493
