1.4561950621601324e-14
2.2050241612336783e-11
5.337138890993532e-13
1.0140213793796296e-14
2.8397287286785565e-11
2.0889243828247752e-08
1.419483865867249e-10
1.4708685039299626e-10
8.869402585742744e-11
1.322731127658e-10
1.4869166809399727e-08
1.3282979445358482e-11
1.1550217753779368e-10
6.748629997948389e-09
3.1623344996622112e-09
9.918325277717049e-08
3.6399340858054435e-16
1.6054215867979402e-13
3.276959185511213e-08
8.32749913587779e-09
1.3540241395870666e-12
4.331145136766116e-12
4.263750758143324e-12
9.752023065867964e-15
1.0374183549151045e-09
