6.642590522109042e-21
2.395511755331693e-21
5.518781128641009e-21
6.88725863186024e-20
2.8046206720185973e-21
2.1097303362957407e-20
2.295911756774998e-21
5.271394689896737e-21
1.0278008678143848e-21
7.429155241020829e-22
2.607437192144739e-20
2.3589659279172054e-20
1.2721619312112937e-21
5.0211860301063185e-21
2.195493468324532e-20
1.524513384641462e-19
1.4171217392286634e-20
6.378825194687747e-21
2.5724231738893765e-21
1.769717858426327e-22
1.4783476134611522e-20
5.1924109550099524e-21
3.1052950411109184e-21
5.175983262849056e-21
8.00384466482585e-21
