2.91508756382452e-29
0.0
2.997671439839845e-29
4.492809374266544e-29
4.966125917399151e-29
3.337867705216406e-29
4.7196068845175847e-29
4.600045153570025e-29
3.457429436163966e-29
1.2486189015451327e-29
2.5107963498987516e-29
3.155443620884047e-29
3.1554436208840472e-30
1.1795935723382942e-29
6.941975965944904e-29
1.5641632636335375e-29
2.8263407119871564e-29
3.457429436163966e-29
4.088518160340775e-29
1.1346038488374084e-28
5.281670279487556e-29
0.0
1.262177448353619e-29
1.8932661725304283e-29
5.99534287967969e-29
