2.2000591089515375e-28
8.281067352557571e-28
3.6259251951385163e-28
8.74057882984881e-28
3.6997576454865454e-28
6.694963894997575e-28
4.351677227941847e-28
9.043427461743815e-28
5.177022950029331e-28
2.70098578376688e-28
4.847673522099558e-28
6.625568787241414e-28
6.02997880379955e-28
8.15189137932763e-28
1.2897875800363543e-27
4.562697520088468e-28
4.111074651849439e-28
3.7707551269564364e-28
6.095922645095369e-28
6.500213859021137e-28
8.632233714897362e-28
3.80440497494477e-28
7.41048538793632e-28
4.322957760611145e-28
8.023824741745657e-28
