1.8479066704802202e-28
2.3370004317172475e-28
1.5954711808094964e-28
8.835242138475332e-29
7.888609052210118e-29
1.7907142548516968e-28
1.3430356911387726e-28
8.440811685864826e-29
1.3114812549299321e-28
3.1712208389884675e-28
1.2010407281989905e-28
5.916456789157589e-29
7.573064690121713e-29
1.4534762178697143e-28
5.285368064980779e-29
5.99534287967969e-29
3.7865323450608567e-29
7.257520328033309e-29
1.0906002014680488e-28
4.733165431326071e-29
1.0097419586828951e-28
6.310887241768094e-29
1.7847977980625392e-28
5.048709793414476e-29
2.271919407036514e-28
