1.4061445635564535e-27
5.880958048422643e-28
1.5150073684769532e-27
1.7161668993083112e-27
1.4112721594403901e-27
6.938031661418799e-28
5.758684608113386e-28
6.251722673876519e-28
77.00245942987183
2.006073281977033e-27
3.185814765735056e-27
1.0874447578471648e-27
1.0061920846094006e-27
8.484199035651982e-28
78.36532837428418
2.995304857124182e-27
9.908092969575908e-28
1.9267927610023213e-27
1.0566791825435453e-27
1.6901344894360178e-27
75.6765295434353
80.7988736844023
1.033802216292136e-27
1.3556574656223088e-27
1.265332891974503e-27
