1.719193778946936e-16
9.468949820477408e-17
2.6999823724169615e-23
3.6794506623396393e-23
1.894127508816138e-18
5.427397586025032e-19
5.021392093647883e-16
1.5211045578203215e-15
1.0180094915996344e-15
8.807790572408667e-17
9.881866466987993e-17
4.0207660044817635e-17
2.004186412973406e-24
9.49503343110314e-24
1.1956860929674363e-17
2.7591211687752548e-17
9.928336099073558e-17
6.536651894762915e-16
7.432186127685089e-16
2.766216773670407e-20
3.9866238543009795
8.649941273419703e-18
3.9866238543009875
4.3877405736227473e-17
8.96885176510185e-19
