5.013334312195971e-28
1.7818765475228927e-27
7.89994892772267e-28
6.5057605372609725e-28
6.036141779621589e-28
8.595255859965128e-28
1.0176798715416815e-27
6.570841561941706e-28
3.9866238543009316
4.813173183447783e-27
2.0336710877081244e-27
1.5465125008792173e-27
2.339132821351673e-27
5.126671437563271e-27
1.0107403607660655e-27
5.5476643159667655e-28
2.8036609609620523e-28
7.161377905209498e-28
5.970937495424415e-28
1.659935907908026e-27
2.443163853227694e-27
3.9866238543009302
4.503532952196892e-28
6.698045382908594e-28
9.02678742702431e-28
