0.00036542910915837723
0.0006774221047070039
0.00036248623134671476
0.00018934149194382854
0.00034601774788400874
0.0002625634296604673
0.00032624095867928027
0.000119911012706031
0.0002491512607303292
0.000449946410904456
0.0004852327307831583
0.00031867211731473333
0.0003996752423542915
0.00026684742099014613
0.00034944710343864926
0.0002519178736539729
0.00028525135523160827
0.00022335006239870836
0.00016422191947107478
0.0003394154839551078
0.00014371301838989048
0.00019942087742919057
0.0001835590104741769
0.00021132026966752537
0.0003316288970336423
