-0.0002839809171213403
-0.0002839809171142349
-0.00028398091711689943
-0.00028398091710712947
-0.00028398091711956397
-0.0002839809171173435
-0.00028398091711956397
-0.00028398091712045215
-0.0002839809171213403
-0.00028398091711956397
-0.0002839809171213403
-0.00028398091711689943
-0.00028398091712000806
-0.00028398091711245854
-0.0002839809171142349
-0.0002839809171213403
-0.0002839809171186758
-0.0002839809171057972
-0.0002839809171213403
-0.00028398091711956397
-0.00028398091711956397
-0.0002839809171186758
-0.0002839809171213403
-0.0002839809171213403
-0.00028398091710446494
