-0.00013452343535513833
-0.00013453329140400427
-0.00013453087038683975
-0.00013453014835163035
-0.00013453247679384717
-0.000134532401535159
-0.00013453081777115017
-0.00013453408330654781
-0.00013453286087816707
-0.00013453423014198052
-0.00013453280432162984
-0.00013451889559057406
-0.0001345319035311876
-0.0001345319220877883
-0.00013452999362195683
-0.00013453453557898953
-0.00013453320741874109
-0.00013453275083641358
-0.0001345308145684898
-0.0001345343714163061
-0.00013448336904264835
-0.00013453300324367534
-0.00013453168265620263
-0.00013453215357345227
-0.00013453413933595115
