-4.826482515696284e-05
-4.8261717374487034e-05
-4.825112466022574e-05
-4.8255006390718336e-05
-4.823572690071387e-05
-4.826005425684343e-05
-4.8264039492096344e-05
-4.826305838867562e-05
-4.825648000617022e-05
-4.825911130934557e-05
-4.826443627337085e-05
-4.8258772906706326e-05
-4.826202158625392e-05
-4.826217826048307e-05
-4.825550597686856e-05
-4.824667834668617e-05
-4.826268790480981e-05
-4.783718072864929e-05
-4.826531738189033e-05
-4.826462071250148e-05
-4.825708997824307e-05
-4.8265725260066006e-05
-4.8265969558869415e-05
-4.825910227701513e-05
-4.826525929857439e-05
