-0.0001028416967265855
-0.00010284169635355056
-0.0001028416958455125
-0.00010284169669905197
-0.00010284169617236216
-0.00010284169671059828
-0.00010284169671592736
-0.00010284169668750565
-0.00010284169670882193
-0.0001028416965453971
-0.00010284168219210077
-0.00010284169630025985
-0.00010284159555951078
-0.00010284169674079635
-0.00010284169653118624
-0.00010284169442797975
-0.00010284169663776765
-0.00010284169672303278
-0.0001028416898449791
-0.00010284169674434906
-0.00010284169634999785
-0.00010284169675145449
-0.00010284167661467336
-0.0001028408689869309
-0.00010284169660579323
