-1.5720052061851675e-05
-1.4331314858395672e-05
-1.4988168771878918e-05
-1.5902519681532112e-05
-1.562915782926666e-05
-1.341549263855768e-05
-1.5514936960059345e-05
-1.6677699889555697e-05
-1.5877055922430827e-05
-1.563625059475271e-05
-1.660236699141393e-05
-1.5629270627925962e-05
-1.474148834290645e-05
-1.3516565978477502e-05
-1.5153884926899508e-05
-1.4773851290783568e-05
-1.502390953334043e-05
-1.6037796108037128e-05
-1.4306200419866855e-05
-1.543975705686762e-05
-1.4934682418754619e-05
-1.6333762481224312e-05
-1.438702531686431e-05
-1.531456034342682e-05
-1.660063337638462e-05
