0.0001990849299955002
0.0001752025313681136
0.23187804628077097
0.24710009612051284
1.081380593915731
6.351576313713269
0.00035627248720095355
0.0
0.3037487845511674
9.094553043064241e-13
5.798371808403788e-06
6.3329863888412125e-06
0.00013772567113468865
0.00011314004079514767
5.750231876004342e-06
0.043758716420445515
8.985043187821966e-05
0.0006873526641833847
0.00032856911226856165
0.003230052554229695
0.04349529679564669
0.0026561956060324795
0.0859994762635708
0.594457441108882
1.978883193199858e-09
