1.062820464690691e-25
2.3108043332071207e-25
9.651985578910414e-26
8.114760682595009e-26
1.0017650958169134e-25
3.056662951370338e-25
1.2475016772881135e-25
1.198450306201471e-25
9.061626729346296e-26
6.168586595227539e-25
7.261154018577983e-26
1.6361389326259026e-25
5.4225312548760825e-25
3.9670749961342635e-25
3.986623854300931
6.99628903926937e-26
7.244027108768536e-26
3.9866238543009307
8.828541751161611e-26
6.675326188838229e-26
6.13276244936919e-26
1.9124907127906644e-25
7.516838629102086e-26
2.1322318622445033e-26
1.2410206919136571e-25
