2.5200242343397503e-19
2.778665725295688e-20
5.806009797865356e-19
3.536419235891783e-19
8.501969599353156e-20
1.6431503966076968e-20
1.6407550574726833e-18
3.637782742895771e-19
3.40888768125522e-18
5.3037300064043316e-18
5.70246576091452e-19
3.308573759953708e-20
2.1676813164423936e-19
5.503741177264739e-19
2.317614974307433e-18
6.129305302286066e-20
1.9172395423470234e-19
1.4359819995307346e-17
1.369291056996862e-19
7.055193493829834e-20
6.641541403886981e-19
1.0025383103083847e-19
1.0930976837952783e-18
4.8165141285030886e-20
1.2362867072723444e-19
