2.8398992587956425e-29
3.703948469045532e-29
7.518830502887769e-29
3.865418435582958e-29
1.1795935723382942e-29
7.243961781224822e-29
9.541519167681019e-29
1.7601458947743826e-29
3.337867705216406e-29
1.199068575935938e-28
3.457429436163966e-29
3.7865323450608567e-29
9.466330862652142e-29
2.441771020691913e-29
4.600045153570025e-29
3.5461762880013296e-29
4.7196068845175847e-29
3.1554436208840472e-30
5.350695608694394e-29
1.203629178044247e-28
1.140520305626566e-28
3.653412067304811e-29
3.337867705216406e-29
7.174936452017984e-29
2.524354896707238e-29
