9.624103043696344e-28
4.4423962320422635e-28
7.175799268633069e-28
4.660195797593127e-28
4.872325425387715e-28
9.261227027294679e-28
1.0871982388142832e-27
1.3306111318815417e-27
1.234481035009375e-27
8.947778076985767e-28
1.3329284107906284e-27
1.0113196804933371e-27
6.655151071187202e-28
2.8548136602849773e-28
6.954918215171186e-28
4.562697520088468e-28
7.6491158117656765e-28
7.22313092294633e-28
1.733127408770563e-27
5.736128116604723e-28
6.3267877193889555e-28
7.310768439135727e-28
7.957634381416957e-28
4.051910083957863e-28
1.118814304781344e-27
