7.420222889735142e-30
9.25678968470281e-30
1.0242865816229075e-29
7.469526696311456e-30
1.2141062369417135e-29
7.65441597097263e-30
7.420222889735142e-30
6.175301773683233e-30
3.986579112347137
9.25678968470281e-30
6.175301773683233e-30
6.175301773683233e-30
6.175301773683233e-30
6.175301773683233e-30
7.420222889735142e-30
1.3842043696299942e-29
6.175301773683233e-30
7.420222889735142e-30
6.175301773683233e-30
6.175301773683233e-30
6.175301773683233e-30
7.420222889735142e-30
6.175301773683233e-30
6.175301773683233e-30
6.175301773683233e-30
