2.3561237795141676
3.563021851291781e-72
2.3561237795166208
1.1199281719515624e-78
2.356123779517373
3.4188031113715865e-63
2.356124217345637
2.3561237795141676
2.3561237795141676
2.3561237795141676
2.4687177841258066e-62
4.439796846151743e-75
6.122587942762755e-72
1.002653952191091e-74
2.356123781378695
2.3561237795141676
2.3561237795141676
2.3561237795141676
1.3733638343929475e-73
2.3561237795141676
1.220127012421377e-74
1.5756865798811747e-74
2.3561237795141676
2.356123824219009
2.3561237795141676
