2.0085595133892406e-81
3.508989475854111e-85
1.82705967041656e-70
4.014441310549501e-77
1.605326688508113e-79
4.148702055857041e-77
8.353768957742744e-86
1.6241523748850972e-84
1.243845196602882e-79
1.7206052705705725e-78
1.6274463953565066e-78
6.432117232227147e-79
4.046483790591369e-87
1.4526529123512827e-78
1.1737519317244612e-80
1.0710058990451971e-79
2.4289099121800943e-80
5.169966258832791e-78
7.94529025647322e-74
3.918025253510478e-91
3.0668652073200276e-71
1.7533082166058488e-81
6.336791096870027e-87
1.3225856641100897e-73
3.0608907216208307e-78
