0.010855416037476529
0.010855580621160543
0.010855286173019896
0.010855966757423507
0.010855576047985926
0.010341854142092877
0.010341895174930893
0.010855468331521734
0.010855570543883641
0.010855401729690684
0.010855387981837827
0.010341856889041878
0.010856357734517319
0.010342493712972356
0.010856015408233222
0.2286027577442694
0.010855515075695266
0.010855293728167292
0.010855467170696409
0.010855431874097099
0.010341963232478824
0.0820224379634219
0.01085531347630142
0.010855490958532332
0.01085532847654902
