1.3252711291966164e-08
7.238331199142471e-09
1.6726481297434722e-09
9.520572722989871e-09
3.796296552360682e-09
2.2841610459154708e-11
6.917061927236989e-08
1.2293471116097908e-07
2.3201679669203976e-09
1.717028906500973e-10
9.326275524937031e-09
2.7342194484640353e-07
7.819526618278818e-09
2.823543476872716e-07
1.6249963400747015e-08
1.1016122776983253e-08
3.408322677979029e-08
2.5762736733376623e-08
4.8897534562502877e-08
6.3975229961984e-08
2.3754691390747275e-14
3.6516366615794546e-08
1.3969826805912634e-07
9.724034715186774e-08
3.1934351785627064e-09
