1.0036129360510073e-19
1.4608738990870626e-19
3.6634799068596455e-20
8.23395417778331e-20
2.2371703220754693e-18
3.301923614754948e-19
1.7422966749491987e-20
8.150049658898453e-19
1.8715300558476316e-18
3.5047536704712735e-20
7.117880057036978e-19
9.775999683249113e-19
1.6843347316830326e-18
4.603047357289402e-19
4.389248065038678e-19
2.885937770840675e-19
5.159623459713522e-19
5.293377192192457e-20
1.9858431684874047e-20
3.200186562472672e-18
5.391794467552363e-19
4.444050313089121e-19
3.594830685683303e-18
2.7068634655826558e-19
2.785928879358309e-19
