1.4876191039238112e-28
7.648252995150591e-29
2.757315382780318e-29
4.91558951565843e-29
4.7196068845175847e-29
3.703948469045532e-29
9.76831667793206e-29
5.862222601923644e-29
4.600045153570025e-29
7.888609052210118e-29
4.600045153570025e-29
1.8932661725304283e-29
5.99534287967969e-29
6.22830336575277e-29
1.7601458947743826e-29
7.243961781224822e-29
9.76831667793206e-29
1.0488152253946234e-28
5.048709793414476e-29
3.337867705216406e-29
3.703948469045532e-29
7.510202336736914e-29
4.91558951565843e-29
4.812051521848172e-29
4.966125917399151e-29
