6.610654385752079e-28
6.268979006178228e-28
4.414786100359528e-28
1.1881354568276405e-27
9.145979379422546e-28
1.4094972224036428e-27
9.238670535786015e-28
1.5234999491597231e-27
1.1832913578315177e-27
1.0141916272264074e-27
8.453753935091109e-28
5.110955849217071e-28
7.976862865981719e-28
5.449056702814139e-28
8.605609659346153e-28
5.783459770917984e-28
6.497378890142999e-28
7.203779178865127e-28
7.254685359155171e-28
9.384609803251902e-28
7.260601815944328e-28
4.7924532587340875e-28
6.242971248209223e-28
6.232001151245993e-28
1.3922532160535773e-27
