1.5067243289721325e-28
8.066102755884846e-29
1.4515040656066617e-28
7.178634237511207e-29
9.959368928415274e-29
1.563916744600656e-28
1.0412963948917356e-28
1.4534762178697143e-28
1.9248206087392688e-28
6.961697488575429e-29
2.871453695004483e-28
1.3430356911387726e-28
1.5461673742331831e-28
9.486052385282667e-29
1.1596255306748874e-28
9.781875224740546e-29
2.0194839173657902e-28
9.150786500563737e-29
3.392101892450351e-29
1.500807872182975e-28
3.7865323450608567e-29
2.524354896707238e-29
1.3489521479279302e-28
9.150786500563737e-29
1.6112483989139166e-28
