1.794658559377802e-27
4.5083400733380825e-28
1.8195076778922637e-27
1.1675141397270975e-27
1.4447987479122831e-27
1.1462148952861302e-27
5.812327149668415e-27
6.228056846719888e-28
1.801758307524791e-27
1.4014113981251275e-27
6.65798604006534e-28
1.4980468590147014e-27
1.866444901752914e-27
1.6751461322368186e-27
2.2340540835859054e-27
4.879104698791958e-28
1.06811766566925e-27
1.0503682953017772e-27
1.0113196804933371e-27
9.213895372981418e-28
1.5603668705271614e-27
1.6834291717416392e-27
1.5114574944034586e-27
1.1067718500250796e-27
1.3414579693283306e-27
