7.075288647779351e-14
3.986623854301023
2.408729738733349e-15
3.98662385430109
3.9866238543012296
1.8353157191963573e-14
3.986623854301422
7.492540264925515e-10
5.731940863627202e-14
7.433170743853643e-14
4.084018294531012e-14
5.778721029842431e-22
5.340765693926983e-15
1.666632310427505e-18
3.986623854342373
2.650538245486799e-17
1.2655113221527624e-15
3.9866240054395763
8.957288156936708e-17
4.051734918018168e-19
1.712613463060278e-15
4.8687458786362595e-16
8.322702532851486e-16
4.647979822106619e-15
8.622937740278777e-15
