1.0264559491122653e-27
1.1704970200249644e-27
4.607687243589354e-28
1.4677989736801332e-27
6.3996833974120346e-27
1.3058852728835206e-27
9.977241558299188e-28
1.3014109524367201e-27
1.6988859151033134e-27
1.758629802722161e-27
4.291156805369423e-27
1.7865604091476424e-27
6.187750984843752e-28
9.597232469112253e-27
3.986623854300935
1.7352474724533444e-27
4.611385029082577e-28
4.360477957415719e-27
1.5271977346529466e-27
1.3884444969955571e-27
9.087184590080293e-28
3.7533015794284215e-27
7.6928729401021545e-28
8.5561825932534e-28
2.3767023219628237e-27
