0.002061324007173848
0.025155689981256835
0.031071453405415284
0.0019103467225347615
0.02842754511322454
0.0016631044157340291
0.003739002059664931
0.02136260861158945
0.002687018642763661
0.000833429839787847
0.014405167507465677
0.0005438046663179819
0.0009877515071846643
0.0021335910265083413
0.02898113519612089
0.039427384858012796
0.022056621731384674
0.000681589206976696
0.11826037019868263
0.08561743212411284
0.0017310337912723739
0.015701167936979843
0.0004438313706667252
0.0009242241354039393
0.010912780167183556
