-0.0002839809162082929
-0.0002839809167447527
-0.0002839809170858132
-0.00028398090969972145
-0.00028398091708670137
-0.00028398091477477294
-0.00028398091577841456
-0.00028398089722081465
-0.00028398079223723727
-0.0002839808494927709
-0.00028398091676606896
-0.0002839809169570273
-0.00028398078044311603
-0.00028397928896595204
-0.00028398091681136606
-0.0002839809130517068
-0.00028398059718171
-0.0002839809090318113
-0.000283980916895743
-0.00028398091670922554
-0.0002839808679711425
-0.000283980917109794
-0.00028398091707160233
-0.000283980917094695
-0.0002839807797202498
