-0.00012849367727565952
-0.00013409407151510067
-0.00013406469839782886
-0.00012592742651262867
-0.00013090111016955674
-0.000134507642611581
-0.0001233275451140159
-0.0001345335284992366
-0.00013413852405597115
-0.00013358765967685926
-0.0001336631027506474
-0.00012989312644684503
-0.0001248985307109457
-0.00012224700570717673
-0.0001311843169720106
-0.00013424000260831015
-0.00012755714443990485
-0.0001342402641810736
-0.0001335698200195523
-0.00013375857174846573
-0.00013302974393902822
-0.00013323867777526033
-0.00012996443973634086
-0.00013428406752691302
-0.00013441512650869125
