-0.002037091709684802
-0.0020370917096839136
-0.0020370917096839136
-0.0020370917096839136
-0.0020370917096830254
-0.0020370917096839136
-0.0020370917096843577
-0.0020370917096843577
-0.002037091709684802
-0.002037091709684802
-0.0020370917096841357
-0.0020370917096843577
-0.002037091709681249
-0.002037091709684802
-0.002037091709684802
-0.002037091709684802
-0.0020370917096843577
-0.0020370917096839136
-0.002037091709684802
-0.0020370917096843577
-0.0020370917096834695
-0.002037091709684802
-0.0020370917096839136
-0.0020370917096821373
-0.0020370917096834695
