-0.00010284169673369092
-0.00010284169642460483
-0.00010284169368190987
-0.00010284169661645137
-0.00010284169671903598
-0.00010284169663421494
-0.00010284169661645137
-0.00010284169634644513
-0.0001028416677932853
-0.00010284169647434283
-0.00010284169671592736
-0.00010284169671592736
-0.00010284169638552498
-0.00010284169582241987
-0.00010284169531260545
-0.00010284169663776765
-0.00010284169669105836
-0.00010284169484364725
-0.00010284169674434906
-0.00010284169668040022
-0.00010284169061591797
-0.00010284169665197851
-0.00010284169665197851
-0.00010284169263030662
-0.00010284169586505243
