-1.672226928306486e-05
-1.68069052239872e-05
-1.6533848718580657e-05
-1.6150520405489033e-05
-1.6496906802387912e-05
-1.6095238002833412e-05
-1.6304254017995845e-05
-1.6795003411118614e-05
-1.6328128985776402e-05
-1.6043206585436565e-05
-1.6178753021733883e-05
-1.6533964975806725e-05
-1.666712904579981e-05
-1.6479152218806803e-05
-1.640265541880126e-05
-1.658499380852163e-05
-1.5328562191996298e-05
-1.6437619656528568e-05
-1.6077363525823785e-05
-1.679808284649198e-05
-1.6551409206755352e-05
-1.6785376928396545e-05
-1.542397799880746e-05
-1.6614288933070043e-05
-1.61142712542528e-05
