-4.825626679405559e-05
-4.824682432769123e-05
-4.826588886430727e-05
-4.826569995941554e-05
-4.8236212656149746e-05
-4.8259950560236575e-05
-4.825131549957007e-05
-4.8257315121702504e-05
-4.8264529947772417e-05
-4.82605867091479e-05
-4.823381137386562e-05
-4.826575770877639e-05
-4.82647886030918e-05
-4.826459115836457e-05
-4.826616521569349e-05
-4.826605228558378e-05
-4.8265609308373314e-05
-4.826378503430817e-05
-4.826623531073437e-05
-4.825440353073418e-05
-4.8264562405364586e-05
-4.8265433751026876e-05
-4.821417329914368e-05
-4.8264928473429336e-05
-4.8264739845649274e-05
