-0.16881168645311562
-2.2682481803023
-0.16799835226573379
-1.665611884552125
-0.10244633085418131
-0.16881850798024045
-0.8423161476096597
-0.16881393226579355
-0.1688190461961646
-2.9451694743899517
-0.16858018089820437
-0.16881067444346964
-0.6168526371685383
-0.1610375673693073
-0.16881823445947908
-0.1688189911409912
-0.16879766217495407
-2.6792023159897425
-0.9852630528375932
-0.6598563208727299
-0.1688121127115162
-0.16874659957253335
-1.3211922343515792
-0.16843228508063246
-0.1688152617961054
