8.322730831643057e-20
107.97506023907602
82.3655051027332
2.749771707182752e-15
2.3879549226987397e-17
1.241202129921858e-25
8.739030690322315e-25
3.9866238543009307
4.7283685855963224e-09
1.2427576650193406e-25
3.9866238543009316
1.7194174006682744e-24
7.916683132712737e-25
1.3777302867884585e-25
1.983975929790355e-08
3.096954515142567e-25
2.290994556762824e-25
1.3845953488161443e-25
2.451356173728414e-25
9.150540474568921e-25
5.768979735964586e-25
6.609684579876723e-25
207.17623672032286
3.9866238543009387
1.587778455780814e-24
