1.3782770153772344e-16
6.723534700600943e-16
1.8769771113012092e-15
2.273473945950727e-16
1.0827338207150576e-16
3.957595555726854e-16
1.1120723371066396e-15
1.7160481989291547e-16
4.976486698271382e-17
2.0886357702906986e-16
9.065593830975345e-16
1.230113040328764e-16
1.1672315306075352e-16
1.3507620655302323e-16
2.3763601028721576e-16
7.777597579045592e-17
1.0444973288582796e-16
7.626759961496502e-17
2.7543217137793527e-16
2.937986268247674e-16
1.0723576373179226e-16
1.2638357991510565e-15
2.645965775609125e-16
5.278278170556863e-16
3.260476771004433e-17
