6.22830336575277e-29
1.0334077858395255e-28
4.463227090320756e-29
1.4515040656066617e-28
9.466330862652142e-29
5.0351512466059894e-29
1.1346038488374084e-28
6.928417419136418e-29
8.594886081415805e-29
5.443140246024981e-29
6.701619908885377e-29
1.0350101595532556e-28
1.039940540210887e-28
8.506139229578441e-29
4.177265012178139e-29
7.494178599599612e-29
6.208581843122244e-29
3.653412067304811e-29
7.124400050277263e-29
2.0756902568627873e-29
1.1044052673094165e-28
1.1517369216226772e-28
3.4081256295876526e-29
3.201049641967137e-29
3.457429436163966e-29
