3.244301406286208e-27
1.5476588143821166e-27
1.0054155496558236e-27
6.698538420974357e-28
1.8901107289095443e-27
7.254685359155171e-28
9.491106025456739e-28
1.5322760267303069e-27
1.5155127324943604e-27
1.1097300784196584e-27
1.3918587856009668e-27
2.2558956698992122e-27
1.9895072029673918e-27
2.7300503777436166e-27
1.3282445491658786e-27
1.785734570387489e-27
1.2448225084387566e-27
1.6366891631072942e-27
2.1032510847389464e-27
9.91314660974998e-28
6.37153092385696e-28
7.74575127265525e-28
1.064962222048366e-27
1.748707411648678e-27
6.590070046506468e-28
