6.175301773683233e-30
1.5296505990301182e-29
1.2141062369417135e-29
6.175301773683233e-30
9.25678968470281e-30
1.1598720497077689e-29
1.035379938102578e-29
7.420222889735142e-30
2.7819672860684744e-29
1.2141062369417135e-29
1.1241267899399418e-29
7.420222889735142e-30
6.175301773683233e-30
6.175301773683233e-30
7.420222889735142e-30
6.175301773683233e-30
7.469526696311456e-30
9.25678968470281e-30
6.175301773683233e-30
1.0242865816229075e-29
9.25678968470281e-30
6.175301773683233e-30
6.175301773683233e-30
1.2141062369417135e-29
1.115498623789087e-29
