1.0110894854743945e-60
1.0410951507692699e-78
1.5706571056756824
4.4904985073265895e-84
3.5485560570547914e-76
2.751738732635163e-91
5.1388595614477845e-85
7.654380246681473e-82
1.9462512094190483e-90
8.2837534411537e-88
9.593922545533434e-77
8.650502951854193e-89
1.0301963228263295e-78
1.8272984172047243e-79
5.163647511403593e-84
8.781126312077758e-88
1.2660181705447281e-88
2.0553732614187745e-69
2.9986710758768135e-82
2.8226104470256316e-84
3.462404120619757e-82
2.0670588131098832e-79
4.963575543286412e-79
4.640304277613457e-83
1.8197833096403197e-85
