0.010341921275618615
0.0108552838373972
0.010855279326535405
0.01085527288099053
0.010855278739562824
0.7119927140415693
0.010855334420340146
0.010341851154631265
0.010341851786436984
0.010855377923901788
0.01085527630797567
0.010855295785458074
0.010855283810385918
0.010341856043512787
0.010855332180352506
0.010855303132893512
0.22725570581148224
0.22721945828307843
0.010855309342065245
0.4794531724303628
0.010855329054509588
0.010855270429121933
0.010341853554921454
0.010855326534606524
0.010855278014729741
