4.957865400502975e-13
1.3383697709195988e-07
5.512397438025616e-11
2.4532115221960433e-10
5.528090354917902e-10
1.5510846824145926e-10
1.9086914043057145e-10
1.6246829270621906e-08
1.2497154144150763e-07
1.7576209128049557e-11
4.577637622068784e-08
3.713372555837891e-12
4.5477410475972234e-11
1.9585521558162522e-07
6.790337517623298e-09
6.949558974553481e-10
1.4436715969791426e-10
3.1590538665543517e-07
1.8145403226254088e-08
2.087571707099676e-10
4.292407973789841e-10
1.2068059189434738e-07
1.042725868596213e-10
2.2608074810894625e-11
3.710027473470271e-08
