3.686124142131904e-17
4.373492916007972e-16
1.386928548226321e-16
1.5188240806609267e-16
6.376729117187603e-17
4.286981255053765e-15
2.09256261681059e-16
3.1901326949349e-17
3.5591950271876894e-16
8.125675034830516e-17
5.0037991785069055e-17
1.2276897609512926e-16
7.470453606695461e-17
1.1959745051819555e-15
2.625992270987937e-16
5.759454659491857e-17
5.83047171918174e-17
7.067388598217134e-16
6.806858468334827e-18
5.382495190508765e-17
5.160761708990696e-17
1.8621222852551668e-16
1.7653169289378477e-17
1.2990524670976417e-15
9.02202314714392e-17
