1.0014835710813626e-28
6.928417419136418e-29
2.603240987229339e-29
8.752658262460008e-29
1.5777218104420236e-29
8.2793417193274e-29
3.337867705216406e-29
1.7656925730142178e-28
1.0014835710813626e-28
5.0351512466059894e-29
7.332708633062186e-29
3.337867705216406e-29
3.337867705216406e-29
9.76831667793206e-29
4.966125917399151e-29
4.417621069237666e-29
1.8932661725304283e-29
1.7972470092230583e-28
3.653412067304811e-29
1.1277013159167245e-28
3.703948469045532e-29
2.524354896707238e-29
2.0756902568627873e-29
1.135959703518257e-28
7.963797357238996e-29
