9.057232527585183e-28
1.617312767122803e-27
1.422118996887179e-27
3.168607737239923e-27
2.6653637835154936e-27
1.8613296318206214e-27
1.6144161684864447e-27
1.680273728120755e-27
1.5099907061578133e-27
1.5356656634324284e-27
1.842532555563402e-27
2.5556258360282644e-27
6.986842429929349e-28
5.435374896489212e-28
1.6904426382271198e-27
9.201199642788017e-28
1.7828256457994867e-27
5.917566124805556e-28
1.0582692303056314e-27
1.1313744495066599e-27
2.5344128732488057e-27
1.441002354805907e-27
8.122432354898284e-28
1.8428900081610803e-27
1.20853490679859e-27
