1.672385119068545e-28
4.67005655890839e-28
2.1476738144642046e-28
6.310887241768094e-29
1.1537090738857298e-28
1.0590457652592083e-28
2.6505726415425997e-28
1.5146129380243427e-28
3.236301863669201e-28
1.2542888393014088e-28
1.5481395264962357e-28
3.3132158019282496e-28
1.601387637598654e-28
2.2955852341931444e-28
2.163451032568625e-28
1.3489521479279302e-28
1.1221546376768893e-28
4.717388213221651e-28
6.33060876439862e-29
7.573064690121713e-29
9.702989134218445e-29
1.0965166582572064e-28
3.5360690076531854e-28
1.262177448353619e-29
1.1379318557813095e-28
