5.6178729365314356e-27
74.70210640314411
5.120249616756706e-27
74.6891001928865
2.785997872256088e-27
142.08391216488437
2.5156774267498066e-27
80.23662297488278
1.6471415701014726e-27
1.6510858746275777e-27
1.8232942102373246e-26
5.770123091239091e-27
1.1104733333037963e-26
1.1487392501828374e-26
74.25541968073694
74.71293315676111
74.6826916292941
8.285406087536287e-27
74.68288699798381
3.332937324558775e-27
3.671358652898589e-27
9.545216953174243e-28
146.72405959109693
74.861874578829
151.5175456625301
