1.7893472193469505e-20
2.1652363726200735e-09
7.1336951717031604e-12
3.9866238543118175
1.3474622434643817e-20
3.974835400643083e-12
1.1750000743707967e-13
1.4038448506344923e-12
7.471022173401699e-11
1.1042827025739971e-15
9.880163456721183e-21
6.716416081830164e-12
1.846967220295719e-12
1.3723162290798881e-11
3.2382718181166636e-11
2.194013074504678e-11
6.4881776562823534e-15
1.5894151150165582e-15
1.5159681104292914e-12
5.446382515716191e-12
6.9549136634071756e-12
1.5748351124077633e-10
1.3461850879512552e-12
3.7778445935395075e-14
3.9866238543014996
