3.9866238543009316
1.5550913632234958e-27
2.5753103808038575e-27
1.3803093689104654e-27
2.0801275994546555e-27
4.7063441605485564e-27
4.317337126661445e-27
1.4825284858948068e-27
3.9866238543009316
1.2340373007501881e-27
2.0653364574817615e-27
3.986623854300934
3.58247621559314e-27
2.2732136319591422e-27
3.986623854300931
1.8111383567259346e-27
3.76435795805316e-27
2.261084895541369e-27
3.986623854300932
3.986623854300934
2.5199175541153696e-27
3.9866238543009325
3.9866238543009316
6.011921284640975e-27
8.950859564896787e-28
