0.0006638436592467656
0.0007057268060473021
0.0008936505618262203
0.0009004780789139133
0.0007793891179002088
0.0007798469044271172
0.0008075117203230064
0.0004961987085980724
0.0010837958051528318
0.0006642326854375824
0.0005690991820630487
0.0005059102180831054
0.000866155763218579
0.0005750842930201117
0.0022946208824876635
0.000607317344894831
0.0002972965847787279
0.0008048235549287241
0.0008468003971575655
0.000973077730463956
0.0007348619971132564
0.033506223010014935
0.0007921663434942161
0.0008796043968821721
0.018959204655307427
