-0.00028398091451542484
-0.0002839809162580309
-0.00028398091703785155
-0.00028398091711956397
-0.000283980917094695
-0.00028398091710890583
-0.0002839809171053531
-0.00028398091710890583
-0.00028398091711556717
-0.0002839809171182317
-0.00028398091710446494
-0.0002839809171062413
-0.0002839809170982477
-0.00028398091711956397
-0.0002839809171142349
-0.0002839809170938068
-0.0002839809170893659
-0.00028398091704540107
-0.0002839809171177876
-0.0002839809171177876
-0.00028398091694725736
-0.000283980916945481
-0.0002839809170893659
-0.0002839809171106822
-0.0002839809142010097
