-0.00013408036747231122
-0.00013449855287639423
-0.0001341092175435321
-0.00013451875248815526
-0.0001344900175742625
-0.0001345002688082353
-0.0001345212484764602
-0.00013445706307013694
-0.00013437762863510727
-0.00013439857019559298
-0.00013435659343741246
-0.00013452640121558446
-0.00013340249847626495
-0.0001340958080060517
-0.000134171206626732
-0.0001344731700374524
-0.00013440345246884533
-0.00013450497820244323
-0.00013442037751509872
-0.00013283722714696466
-0.00013442692350018604
-0.00013418607072246402
-0.0001344784779204744
-0.00013451488391469368
-0.00013439229482459236
