-1.6292019552111014e-05
-1.6265134732407205e-05
-1.6905531971644905e-05
-1.6993141194632244e-05
-1.6927584812975738e-05
-1.681311437451427e-05
-1.656785300951924e-05
-1.67645889916912e-05
-1.7062453547822543e-05
-1.6962943102605266e-05
-1.7096471676580904e-05
-1.6973708603984505e-05
-1.6903933925505044e-05
-1.6570699639117947e-05
-1.700774763335744e-05
-1.7147134400374853e-05
-1.6849461790258147e-05
-1.6908268239745894e-05
-1.6978236921261214e-05
-1.666529846389153e-05
-1.7077807221710373e-05
-1.6735462661898737e-05
-1.693125260260331e-05
-1.705885089364756e-05
-1.698929611393396e-05
