-0.00010284169673724364
-0.0001028416967550072
-0.00010284169674434906
-0.0001028416967265855
-0.00010284169675855992
-0.00010284169674790178
-0.00010284169638197227
-0.0001028416967017165
-0.00010284169601249005
-0.00010284169675145449
-0.00010284169676211263
-0.00010284169674434906
-0.00010284169675145449
-0.00010284169674434906
-0.00010284169674434906
-0.00010284169674790178
-0.0001028416966768475
-0.00010284169651875175
-0.00010284169675855992
-0.00010284169676211263
-0.00010284169667329479
-0.00010284169675855992
-0.00010284169674079635
-0.00010284169675323085
-0.00010284169673013821
