-4.826619012421318e-05
-4.826523379364289e-05
-4.8266245220141e-05
-4.8266117289585964e-05
-4.826578506467172e-05
-4.825787065954046e-05
-4.8265224709354015e-05
-4.8265242373446426e-05
-4.82657174529777e-05
-4.8265915889800226e-05
-4.826554330605859e-05
-4.826638471655542e-05
-4.8266208629854646e-05
-4.826535148261257e-05
-4.826633039556327e-05
-4.826634764043547e-05
-4.826631083432176e-05
-4.826637611898832e-05
-4.82660634055776e-05
-4.825632830929294e-05
-4.8266332726143446e-05
-4.826613598396534e-05
-4.826638132726657e-05
-4.826622196851815e-05
-4.8265969211147564e-05
