-2.9304704233776233
-0.16881937679686532
-0.16881659545029326
-0.10245544037274179
-0.19372332730927388
-0.16881721647982217
-0.16881890489316442
-0.1688127853987501
-0.16878404383200296
-0.16881650223367362
-1.1286869646040383
-0.16873982823531586
-0.9221010456318584
-0.8934283969351291
-0.16726676747862612
-0.15346653958821987
-0.16878062402140903
-1.8420895537846937
-0.16881650095882494
-0.16881767111176893
-2.2302398353667305
-0.16879907712893782
-0.1687999974173453
-0.16880752989581638
-0.7036583320489658
