3.4119614657392897e-25
4.549498891067989e-26
7.295607518613511e-26
4.501462192320687e-26
1.554371650906998e-25
6.995855165771499e-26
8.925477965271301e-26
2.00232976720321e-25
107.15708928681298
1.7257689388985646e-25
1.0015585128673586e-25
5.484635562234771e-26
1.5134943579126426e-25
3.1752045865598336e-26
8.455410542992073e-26
104.11758265003361
5.279136063829533e-26
5.57470375608838e-26
5.16376515644096e-26
1.1019676871122836e-25
3.986623854300931
1.7877880739313926e-25
2.1171744797160973e-25
3.8570367884649846e-26
4.627379183935933e-26
