1.0594564112365606e-18
2.2357973959732627e-19
3.2362662886351394e-19
2.8714113796753987e-18
2.670479084814375e-19
4.74592490718107e-18
2.4755925526450246e-18
9.472574998103247e-19
1.7367318202674512e-19
1.0410535101256369e-19
1.8510292621025364e-18
1.356715526051918e-18
4.623577956054897e-19
4.21056267657231e-19
1.4962646060240007e-17
6.413348769744206e-19
1.2843822312310397e-19
1.1311997177917525e-19
1.141497607625298e-18
5.294135628440078e-19
1.9164898206237592e-19
1.1651444579549501e-18
5.4419861568151725e-19
4.207374747945927e-20
2.38956329106325e-18
