1.1346038488374084e-28
5.350695608694394e-29
2.195251987810347e-29
1.262177448353619e-29
2.622962509859864e-29
3.703948469045532e-29
9.857063529769424e-29
6.612873057048013e-29
3.7865323450608567e-29
9.648754946984501e-29
5.93248052629489e-29
3.7865323450608567e-29
6.177766964012049e-29
7.243961781224822e-29
6.22830336575277e-29
7.124400050277263e-29
6.493311326100453e-29
3.155443620884047e-29
5.862222601923644e-29
3.703948469045532e-29
1.199068575935938e-28
5.439442460531758e-29
4.3350371932223414e-29
4.600045153570025e-29
5.862222601923644e-29
