5.922373245946746e-28
8.133279192345072e-28
9.090759116057076e-28
7.759556338496618e-28
2.415492091786738e-27
3.7446241094709904e-28
5.094069295464684e-28
9.008791537623955e-28
3.9099151210180805e-28
1.0157693490368494e-27
4.971302817089664e-28
1.4963828555427508e-27
9.235096009809233e-28
6.727011369272178e-28
8.807755266309038e-28
6.549640925113891e-28
1.0331242889517117e-27
2.6654870430319344e-28
4.328874217400302e-28
2.2166128620095346e-27
5.589202773007309e-28
5.559497229545081e-28
1.4985522230321086e-27
5.0856876483467105e-28
6.85631060201856e-28
