9.25678968470281e-30
8.763751618939678e-30
1.1241267899399418e-29
3.986579112347137
6.175301773683233e-30
1.0242865816229075e-29
8.665144005787052e-30
6.175301773683233e-30
6.175301773683233e-30
9.25678968470281e-30
1.1352201464196123e-29
6.175301773683233e-30
1.0242865816229075e-29
6.175301773683233e-30
1.5296505990301182e-29
7.65441597097263e-30
1.5296505990301182e-29
1.0242865816229075e-29
3.986579112347137
1.035379938102578e-29
1.0008672734991587e-29
9.25678968470281e-30
1.050171080075472e-29
6.175301773683233e-30
6.175301773683233e-30
