1.5706571079384184
2.108594649569217e-77
1.9145722435546171e-78
8.680835039026526e-80
1.5706572567916282
2.1991936957753528e-82
5.798902112004814e-67
8.993035494098494e-78
1.5706571056756824
3.70006248241708e-74
3.832004622118294e-75
2.7071124048831164e-80
2.649186595006901e-82
6.9766019291426e-82
7.477682565894814e-82
9.785571902131083e-75
1.7610981351210783e-82
8.912694577899013e-86
1.42438733689771e-84
7.219795685699192e-79
5.846943907909231e-86
1.5706571056756824
1.570657876906787
1.5706571056756824
9.571268962183438e-84
