0.010855326567940193
0.01085531711994403
0.010855280397395362
0.010341855526209698
0.22718686720191994
0.010855380718826635
0.010341863400065154
0.010855279166329224
0.010855322380027066
0.22718515427009323
0.010855328527014652
0.010341846527494591
0.01085527965624089
0.01085540184039191
0.010855347719194053
0.2274944743294962
0.010855274051443042
0.010341851333458218
0.010855271338879091
0.010341846406646704
0.010855310374376814
0.010855285611940158
0.01085530382739952
0.010855282281178713
0.010855310311666089
