2.1137367568778184e-11
1.2529260860119588e-12
8.67165728417365e-08
2.6313661207461196e-13
2.7713935582266963e-13
8.668952743515454e-09
3.4957644432744936e-09
5.075501198543732e-11
4.965555601647653e-11
2.101687964028129e-09
3.2427207700137404e-10
4.080337256771445e-13
4.5571149800614115e-15
9.358490978001944e-11
1.0158524850907918e-10
3.5426359314805514e-12
6.916669744555788e-09
1.82760945195695e-15
9.145935924632863e-13
8.091473093260431e-13
1.7219479173504894e-07
5.2087411197402105e-14
3.074143882754336e-10
2.3207221979367336e-10
1.56137201781106e-08
