1.5408537231138484e-18
1.6216403376938164e-19
7.875139978141088e-21
1.0205862680227676e-20
1.356982973425147e-19
8.521176644963869e-19
9.562505871057889e-19
5.854895058423919e-19
7.133182359609874e-19
3.026710138300651e-18
8.481012999942454e-19
2.1311460227574616e-19
1.4237558603829997e-19
6.20609111109818e-20
4.901745721060699e-22
1.8868935748728636e-19
9.057784223394934e-19
1.6259031006119454e-18
5.49802445940696e-19
5.488893123366682e-19
1.7178061954767513e-19
4.987673777139091e-19
8.421336100352103e-19
7.986249455967221e-19
4.637391677887265e-20
