9.33074539456728e-30
9.857063529769424e-29
4.91558951565843e-29
3.388404106957127e-29
6.177766964012049e-29
8.101848015652673e-29
7.415292509077511e-29
8.821683591666846e-29
3.703948469045532e-29
2.524354896707238e-29
8.437113900371603e-29
2.0756902568627873e-29
3.7729737982523705e-29
6.612873057048013e-29
3.337867705216406e-29
4.40406252242918e-29
1.5540559832853933e-28
1.014302560791204e-28
5.350695608694394e-29
3.053138222238197e-29
1.0014835710813626e-28
4.600045153570025e-29
2.0756902568627873e-29
6.310887241768094e-29
3.8321383661439464e-29
