6.269472044243991e-28
8.138579351552026e-28
1.0545098150541875e-27
6.933224540277608e-28
6.168029462213227e-28
1.1838830035104335e-27
1.2061806500345711e-27
5.742907390008966e-28
8.415173706445143e-28
1.0967261994351557e-27
1.0991913897639714e-27
1.0050211192032131e-27
6.868513294146197e-28
8.914128228997433e-28
1.2533027631698825e-27
4.83374519674175e-28
8.201318445420385e-28
1.5144157227980374e-27
9.801720006887512e-28
5.51216557523182e-28
6.563322731438818e-28
4.922492048579114e-28
3.8359594111536107e-28
6.876032124649085e-28
8.620277541802607e-28
