1.6329420738074944e-28
1.2168179463034107e-28
5.36425415550288e-29
3.520291789548765e-28
1.6270256170183368e-28
9.328280204238465e-29
7.750558393796441e-29
8.67746995743113e-30
1.1221546376768893e-28
4.595114772912394e-29
1.8932661725304283e-28
1.8005750161669594e-28
9.071900410041636e-29
7.257520328033309e-29
1.262177448353619e-28
1.4436154565544516e-28
1.1379318557813095e-28
8.67746995743113e-30
4.417621069237666e-29
1.2542888393014088e-28
3.470987982972452e-29
6.941975965944904e-29
7.178634237511207e-29
1.262177448353619e-28
7.494178599599612e-29
