1.7685213789165338e-26
2.1334743181702264e-27
1.2134652874562214e-26
6.547545513334398e-28
3.385002144303362e-27
1.1773749010423601e-27
74.77926623038104
1.2704604878584395e-27
3.8839566668556516e-27
5.695575735695705e-28
74.6972210895308
1.1221546376768893e-27
1.536701043370531e-27
3.6094330718387395e-27
2.2198545872919272e-27
1.2984650499937854e-27
76.64835417611414
1.2432447866283146e-27
1.7733593149368345e-27
1.3824787363998232e-27
1.2452169388913671e-27
2.8375326760799795e-27
1.927976052360153e-27
2.328717392212427e-27
1.9555861840428883e-27
