1.5933156859924033e-16
1.4492539644126014e-14
3.986623854300943
2.0828395649992226e-17
3.9866238543010684
5.156464281578021e-15
4.665288388108477e-15
1.623308312396206e-15
1.633059047886226e-15
1.8426069540098186e-14
3.0537238945217994e-17
3.9866238543167927
1.1859335481542074e-15
1.5314168105887885e-14
8.560975431347375e-13
3.901624934792165e-15
2.035067382603722e-23
2.1327722267159824e-16
3.9866238543010173
8.096590847160205e-15
1.341632157193567e-14
9.745035420466725e-26
2.3634207810199237e-15
2.86697995387741e-24
4.870622578253995e-14
