1.639499480082144e-27
1.2401386468140069e-27
1.136600653003749e-27
7.084463966950449e-28
6.025541461207682e-28
4.730355114351221e-27
6.005302248608105e-27
1.3131206064985945e-27
1.7604910214204168e-27
1.0543125998278823e-27
2.33616226700545e-27
1.4770187855099038e-27
3.9866238543009307
3.6722461214169626e-27
3.749492860370401e-27
1.0017177641626001e-27
9.479396371394865e-28
3.722955086480701e-27
3.9866238543009307
7.228800860702606e-28
1.8092771380276787e-27
4.652479751863934e-27
3.986623854300932
2.8345497957821125e-27
1.092042337810406e-27
