0.0007321683784249355
0.00016430367654296507
0.00028403572977886427
0.00034291680437137373
0.00045160744194117086
0.0002280615568786004
0.00026803766938499063
0.0002994296899274662
0.0005322905214217855
0.00028739687436196704
0.00023386543402226234
0.00038013248719004356
0.0003458652604875212
0.0005165995289377889
0.0004229472659549316
0.0005284368910486864
0.0003605152738792583
0.0003038482102090123
0.0008365157280687541
0.00021542649643002676
0.0004885764583164587
0.00025904126438980324
0.0006241448817778661
0.0003644883849291958
0.0005687763204003105
