-0.0002839809171151231
-0.0002839809170769314
-0.00028398091712045215
-0.0002839809171153451
-0.00028398091711601126
-0.00028398091711645534
-0.00028398091711689943
-0.0002839809171066854
-0.00028398091709558315
-0.0002839809171213403
-0.0002839809170360752
-0.0002839809171177876
-0.00028398091711956397
-0.00028398091711601126
-0.00028398091710357676
-0.0002839809171177876
-0.00028398091710890583
-0.00028398091711601126
-0.00028398091711956397
-0.0002839809171213403
-0.00028398091711245854
-0.00028398091711601126
-0.0002839809171186758
-0.0002839809171213403
-0.00028398091710402085
