-0.00013441421997839598
-0.00013451087744620338
-0.00013453164664567474
-0.00013449569120194127
-0.00013451974242428832
-0.00013451856998702993
-0.00013452940425839888
-0.00013452611212994015
-0.0001345332475560096
-0.00013451253304097577
-0.00013452292861337867
-0.0001345301718489733
-0.00013450484256605222
-0.00013442029561883118
-0.0001345241738395231
-0.00013451282866394632
-0.00013449273888532787
-0.00013452085923937318
-0.00013452798276780698
-0.00013452749444997636
-0.0001344471820310389
-0.00013452573184835614
-0.00013452606135810896
-0.00013451738277314718
-0.0001345142613544681
