-4.8266391104334616e-05
-4.826628985821202e-05
-4.8266369175209434e-05
-4.8266013251918594e-05
-4.826638786425974e-05
-4.826630415522004e-05
-4.826635255250622e-05
-4.826634959442799e-05
-4.826396752122264e-05
-4.826622387454904e-05
-4.8266335284097295e-05
-4.826617770348207e-05
-4.826626782161725e-05
-4.8265615383513705e-05
-4.8266344569114494e-05
-4.826430780724422e-05
-4.826638311072884e-05
-4.8266114124118076e-05
-4.826638260269078e-05
-4.826554745207545e-05
-4.8266302208332945e-05
-4.826633134058511e-05
-4.826634681975861e-05
-4.826632826748778e-05
-4.826628537157873e-05
