-1.7155784679090402e-05
-1.698258720495005e-05
-1.6895894585644555e-05
-1.7101304672584305e-05
-1.7118900348833677e-05
-1.6967866365291684e-05
-1.699520113351838e-05
-1.7121662516217384e-05
-1.699039176017436e-05
-1.7027993969520594e-05
-1.707470915945919e-05
-1.7113075756469698e-05
-1.689679077010453e-05
-1.7024621392636163e-05
-1.6738026870299905e-05
-1.701928538899722e-05
-1.7125177905086275e-05
-1.7073534099409926e-05
-1.7112808749164543e-05
-1.7035247582786184e-05
-1.709911295222355e-05
-1.7087498277224e-05
-1.7165101911853498e-05
-1.713872147490747e-05
-1.7101373563477296e-05
