-0.00010284169669461107
-0.00010284169671237464
-0.00010284169676566535
-0.00010284169674079635
-0.00010284169675855992
-0.00010284169674967814
-0.00010284169674434906
-0.00010284169674434906
-0.00010284169676211263
-0.00010284169674079635
-0.0001028416967265855
-0.0001028416967017165
-0.00010284169675145449
-0.00010284169674434906
-0.00010284169675145449
-0.00010284169676211263
-0.00010284169675323085
-0.00010284169676566535
-0.00010284169674434906
-0.00010284169674967814
-0.00010284169676566535
-0.00010284169675855992
-0.00010284169674434906
-0.00010284169674434906
-0.00010284169674434906
