-0.16881608105570534
-0.16856474611319272
-1.247431549398546
-2.8352533540744442
-2.170648098789788
-0.16881574812380007
-0.16819685522116723
-2.2692557795436246
-0.16880916397370205
-0.568275721539326
-1.3755392390262702
-0.16881766314341573
-0.10241701183858276
-0.16379730477341703
-0.1688193173642597
-0.16879739588221532
-0.16881677623152624
-2.910248309049789
-0.16881635256695504
-0.8917669606822722
-1.139323338043982
-0.16878648612311364
-0.16881848154228773
-2.6487326257984267
-3.0108405175227135
