7.311144380660871e-26
8.875400088931739e-26
4.902436492659034e-26
4.211905866678657e-26
4.98852463672677e-26
1.5228190635909042e-25
5.474640448046588e-26
2.848992976140094e-25
2.520116741493938e-25
2.1792479721956756e-26
4.6794637252031505e-26
9.088742590368104e-26
5.339454340794995e-26
7.006027773663357e-26
1.607954904634619e-26
3.7980102712318224e-26
4.7663631634081e-25
4.821478409665563e-26
3.9172959008625546e-26
7.64767121023299e-26
1.3813728520183165e-25
6.569594175635325e-26
3.608884813509611e-25
2.0383130410972842e-25
3.306416807001376e-26
