6.119054160737156e-23
1.2187834129702915e-23
1.22403581378616e-21
2.449340107057882e-22
6.201433751113793e-22
8.335329896875868e-22
4.1983847747394315e-23
6.0616009601425775e-22
3.1318582116872093e-22
1.9366773355631223e-22
4.092061400094057e-22
1.083319975751011e-22
1.3270466100168918e-22
5.102139104264449e-22
1.9476427048213172e-21
4.369645684087925e-22
6.140189085451566e-23
5.4896163313827234e-24
5.42650659184667e-21
1.616607986957165e-22
9.0396207296292e-23
1.5470114110283437e-21
6.219508159784349e-22
8.590374283913031e-23
1.9166714915618777e-22
