4.733165431326071e-29
4.630860032680221e-29
2.524354896707238e-29
4.177265012178139e-29
2.0756902568627873e-29
1.1795935723382942e-29
4.7196068845175847e-29
3.703948469045532e-29
7.490480814106389e-29
3.7865323450608567e-29
5.679798517591285e-29
3.7729737982523705e-29
6.310887241768094e-29
0.0
1.1795935723382942e-29
1.0645924434990436e-28
1.262177448353619e-29
5.862222601923644e-29
2.0756902568627873e-29
2.91508756382452e-29
2.8263407119871564e-29
4.088518160340775e-29
1.103049412628568e-28
4.2845007914816204e-29
1.2486189015451327e-29
