1.1881354568276405e-27
6.101962361400967e-28
3.0303352116966524e-28
2.142866693323014e-28
8.864331384355357e-28
3.416877055254948e-28
1.9465142836328466e-28
1.326580545693928e-27
3.429572785448349e-28
6.665011832502464e-28
2.5017984051985745e-28
4.02319061662716e-28
4.994968644246294e-28
4.5281848554850485e-28
5.228175649352256e-28
5.685714974380443e-28
4.455091962235664e-28
2.887230913108903e-28
4.315069151558935e-28
5.490471900338242e-28
4.533978052757765e-28
2.4603832076744714e-28
2.641821215875304e-28
3.7265049605541953e-28
3.9730239934357615e-28
