6.175301773683233e-30
7.469526696311456e-30
6.175301773683233e-30
6.175301773683233e-30
6.175301773683233e-30
3.986579112347137
6.175301773683233e-30
7.420222889735142e-30
2.514494135391975e-29
6.175301773683233e-30
6.175301773683233e-30
6.175301773683233e-30
6.175301773683233e-30
6.175301773683233e-30
7.469526696311456e-30
6.175301773683233e-30
6.175301773683233e-30
6.175301773683233e-30
6.175301773683233e-30
3.986579112347137
7.420222889735142e-30
6.175301773683233e-30
9.25678968470281e-30
6.175301773683233e-30
2.0226886647932506e-29
