0.0005311389871553429
0.04340073138408234
1.6049517317971675e-05
7.132968344912224e-07
1.7157457577439901e-06
8.466549933308435e-06
0.0020051208565175
1.330949659677342e-05
0.002615998703584087
3.887328130937869e-07
8.588882887964434e-10
7.254809960528683e-06
0.0011133079220547318
0.0251739916604348
5.525037559928765e-09
0.00047360221448174735
0.001293231383807367
165.62925991462023
4.805496224347662e-05
0.1361292147270341
0.00022341462305691334
0.014868064609563563
5.4375902532278493e-05
4.935308196624867e-07
0.0010712805608085602
