0.08196275366120553
0.010855268314432398
0.010855265429675187
0.010855391780281609
0.22735417989985263
0.010855281020331176
0.010855267691304626
0.010855278772032517
0.08196247571114312
0.010855283289538664
0.01085527081188542
0.7203910750272985
0.010855275347370075
0.010855287100217215
0.01085526764087874
0.010855267613022024
0.01034184584480402
0.010855291659771837
0.01085530889046682
0.01085527386626306
0.010341844707595582
0.010341844606355344
0.010855272414204031
0.01085526853852159
0.010855277500954164
