2.6175201762499693e-14
2.1050988319894236e-16
3.9767901965168887e-10
6.720096325348304e-17
1.2673423931559752e-11
5.836868128188631e-10
5.910931158299441e-16
7.001456952784049e-08
7.246530053128731e-10
2.2903112857367587e-14
6.523143155796342e-12
3.860520539264224e-16
2.2415915338230532e-13
9.229121553523197e-08
3.1819481460170974e-14
1.0895078741919982e-20
3.703839935383458e-16
9.408394516561817e-10
1.585684877478116e-16
3.4178389122495567e-09
9.320371335111299e-10
6.999373364885049e-08
3.831169125689469e-11
1.9890458179206187e-12
5.333140071831501e-10
