2.2945288902764855e-23
5.59714184450555e-23
2.847160515859176e-22
1.5199140618109682e-21
6.26121801016858e-23
2.5997462582309048e-23
7.171442680745993e-23
5.54451917067848e-23
1.4318681514804478e-21
1.1991050360515973e-21
1.1711282471695782e-22
1.0942240649259077e-21
6.188492998627819e-22
1.0429059420628036e-21
1.4835268465627796e-22
1.3986218147198198e-21
7.843361247933709e-23
5.6562145362326855e-22
1.3219353321398621e-21
9.275955861458752e-22
8.026917199161994e-21
3.405209677974618e-23
5.172442013601379e-21
8.30411367738457e-22
6.646896270437598e-24
