2.997671439839845e-29
3.0198581527991858e-30
9.33074539456728e-30
3.337867705216406e-29
4.600045153570025e-29
1.0507873776576759e-28
4.91558951565843e-29
2.2876966251409342e-29
4.5753932502818685e-29
5.666239970782799e-29
7.875050505401632e-29
2.524354896707238e-29
3.549874073494553e-29
7.809722961688017e-29
3.457429436163966e-29
1.1795935723382942e-29
4.812051521848172e-29
8.519697776386927e-29
6.612873057048013e-29
7.490480814106389e-29
5.679798517591285e-29
2.91508756382452e-29
4.1020767071492614e-29
7.490480814106389e-29
3.155443620884047e-29
