3.691992295950776e-28
5.671047091923989e-28
4.265765344982621e-28
2.742400981290983e-28
1.039472154048412e-27
6.581195361322732e-28
4.253069614789221e-28
5.3919875467020565e-28
4.132768326743016e-28
5.840652186546507e-28
8.169764009211544e-28
3.7707551269564364e-28
5.561592641324574e-28
1.186163304564588e-27
8.17851543487884e-28
5.452138190725159e-28
2.629988302296989e-28
4.426619013937843e-28
8.540898413214742e-28
3.5785935408252556e-28
7.245810673971434e-28
7.446970204802792e-28
9.377584010814778e-28
8.59574889803089e-28
3.3921018924503508e-28
