1.4988357199199224e-29
1.4830585018155022e-28
7.178634237511207e-29
9.170508023194262e-29
3.155443620884047e-29
4.338734978715565e-29
1.2227344030925683e-28
1.262177448353619e-29
1.0334077858395255e-28
5.048709793414476e-29
1.2641496006166714e-28
4.733165431326071e-29
0.0
5.36425415550288e-29
1.8932661725304283e-29
6.941975965944904e-29
3.7865323450608567e-29
1.0965166582572064e-28
1.7532433618536987e-28
4.595114772912394e-29
1.2168179463034107e-28
1.0117141109459476e-28
1.262177448353619e-28
6.961697488575429e-29
7.435014031708036e-29
