6.192558105984943e-28
4.322957760611145e-28
77.14600523252841
1.2432447866283146e-27
8.35009268176441e-28
6.472603727338402e-28
77.00682405820274
76.38151608390064
1.0708786788375235e-27
6.074228970201791e-28
6.740816435113546e-28
1.5994154853356014e-27
1.2180012376612422e-27
1.2049850327250955e-27
9.805541051897177e-28
2.7057929049080705e-28
1.206957184988148e-27
1.69960082029867e-27
1.3521075915488142e-27
1.431388112523526e-27
1.2673050442375555e-27
2.636767575701232e-27
77.21119761147517
1.7461436137067096e-27
78.17077696716731
