9.761138228583824e-24
8.879246073263697e-20
4.430067027400434e-17
8.83780229461457e-16
2.15876077305807e-18
1.6305306399941178e-18
2.6970862158382863e-19
7.33206448320478e-17
2.994272015807883e-18
3.459983506855321e-18
3.986623854300973
2.0426338079734113e-18
6.272870906342585e-19
3.551549040900491e-23
5.4232162862255874e-18
3.986623854300962
3.664118304975847e-18
2.7211225981664603e-18
6.970867971083904e-22
2.4840520916671094e-24
1.7342594980358352e-17
2.547707316258432e-16
3.9866238543009653
1.4652948192638512e-17
6.492981509064129e-20
