1.3143655276146465e-27
4.860319948486383e-27
6.122300181613696e-28
1.0161021497312395e-27
2.4380732351986896e-28
7.311877774783694e-28
7.733302061494731e-28
6.577620835345949e-28
4.917684927437923e-28
7.3519371176269485e-28
8.2225190822482e-28
4.578967776258651e-28
8.921154021434558e-28
3.0042041942112064e-28
6.2364384938378615e-28
8.24137778826364e-28
5.35155842530948e-28
3.98662385430093
5.388782799274596e-28
3.9866238543009302
3.9866238543009307
7.060551620760937e-28
3.9866238543009316
1.1807891896477698e-27
4.709006566103677e-28
