0.0002829582281060894
0.00013373379218928338
0.00016365930858519562
0.00024311138127330878
0.0004015143617488448
0.0002679608761164687
0.0002332425202737909
0.00020479275589746493
0.0001237285186244108
0.00022391710270586174
0.00019877557401493107
0.00019651601229142557
0.00011322562738769193
0.0002251383504159321
0.00017668352425204148
0.0001423079383560122
0.00023600059978168275
0.00025234992276668144
8.534563977491416e-05
0.0001540876874885494
0.00020564868037631356
0.00017191899422286383
0.0001406074446350658
0.00019688596870182096
0.0001760054737052208
