-0.00028398091710357676
-0.0002839809171213403
-0.0002839809171142349
-0.00028398091711601126
-0.0002839809171177876
-0.00028398091711245854
-0.00028398091712045215
-0.00028398091711601126
-0.0002839809171222285
-0.00028398091711956397
-0.0002839809171213403
-0.00028398091710890583
-0.0002839809171213403
-0.00028398091711601126
-0.00028398091712045215
-0.00028398091710712947
-0.0002839809171213403
-0.00028398091712000806
-0.0002839809171217844
-0.00028398091712000806
-0.0002839809171222285
-0.00028398091712000806
-0.00028398091712045215
-0.0002839809171213403
-0.0002839809171213403
