-0.00013453318587108853
-0.00013453383297701293
-0.00013453450034095482
-0.00013453102033089692
-0.00013453123161433211
-0.00013453237012406305
-0.00013453226958071163
-0.0001345336316838086
-0.00013453231401427956
-0.00013453447340250335
-0.00013453412825692457
-0.00013453431869026033
-0.00013453449327460731
-0.00013453441973254598
-0.00013453426238374533
-0.00013453448886324715
-0.00013453422970322038
-0.00013453451089517898
-0.00013453029706766984
-0.0001345341268159661
-0.00013453371827676364
-0.00013453437549704184
-0.00013453453003442473
-0.00013453445661483487
-0.00013453427124332507
