1.2792926099791657e-05
3.574314177967608e-10
1.902662916108966e-09
7.003109203651547e-11
1.2151954251748975e-05
1.1177234561182559
8.458300726488233e-11
6.275513442233205e-11
7.003109203651547e-11
6.639311322942376e-11
2.308873263245914e-06
6.639311322942376e-11
0.05109388571599993
3.8471625884994864e-10
0.07547545697889291
9.549694368615746e-11
3.965672476624604e-06
0.0050745206644933205
4.51051719210227e-05
7.995367923285812e-09
2.8014444978907704e-05
1.5976192116795573e-05
7.357812137342989e-10
6.639311322942376e-11
0.01558933657088346
