5.2295945351943374e-11
4.6767922867729794e-11
5.205436082178494e-11
4.633449179891613e-11
4.633449179891613e-11
4.743583303934429e-11
4.6341597226273734e-11
4.632738637155853e-11
4.632738637155853e-11
4.632738637155853e-11
1.9383605831535533e-10
4.632738637155853e-11
4.632738637155853e-11
6.261444696065155e-10
4.639844064513454e-11
4.6341597226273734e-11
4.632738637155853e-11
4.640554607249214e-11
4.637001893570414e-11
5.154987547939527e-11
4.632738637155853e-11
4.6341597226273734e-11
4.632738637155853e-11
4.68034500045178e-11
4.8487436288269237e-11
