4.5592572244679286e-51
7.037825955751362e-55
6.956018125285408e-43
1.1276443598966142e-58
4.4203810786858183e-69
1.9682929550958187e-53
3.496755875991175e-53
8.375853291503866e-49
6.88181519727733e-55
3.2113551480439747e-55
2.330334861105266e-48
4.351754323239808e-55
1.2791542496240005e-56
1.9802490110522613e-53
1.47221434152898e-68
9.482856879118635e-61
5.151220278058884e-50
1.4370345329499609e-56
9.380069610637543e-38
2.4351177847248517e-51
4.883603088506381e-56
2.689264013807234e-46
1.5269501544942214e-66
3.978070939122953e-55
1.14848447668213e-56
