-0.14067615841536757
-0.14069321998932377
-0.1406869843661408
-0.14074806098658318
-0.1407284124273548
-0.14062920317007066
-0.14068210448515167
-0.1405999965666292
-0.14070047326086613
-0.14062532859377572
-0.14068320853130514
-0.14073487921250694
-0.14070701538210137
-0.14071319241234428
-0.14071182452258846
-0.14071121532986125
-0.14063018242329053
-0.14072890531462004
-0.14019430154334328
-0.14070302212954244
-0.14067835645679067
-0.14041932113192643
-0.14070859063798508
-0.14071810334691268
-0.14070762283340554
