-3.546745119820116e-10
-2.2851054382044822e-10
-3.346087851241464e-10
-193.72451007
-3.9403857954312116e-10
-3.0397018235817086e-10
-3.7690028875658754e-10
-3.836362338915933e-10
-193.72451007
-3.888374067173572e-10
-193.72451007
3.510081114654895e-11
-193.72451007
-2.659419351402903e-10
-3.083471256104531e-10
-2.3666757442697417e-10
-2.872866389225237e-10
-193.72451007
-193.72451007
-193.72451007
-3.637694589997409e-10
-2.2848212211101782e-10
-193.72451007
-3.2363800528401043e-10
-3.5481662052916363e-10
