1.5347723092418164e-12
0.00012444361260577352
5.171557404537452e-09
300.0137107315926
5.684341886080802e-14
8.526512829121202e-13
9.078636310277943e-06
1.7053025658242404e-13
2.8421709430404007e-13
6.842071798018878e-09
7.787548383930698e-12
5.684341886080802e-14
14.190971734069933
1.7053025658242404e-13
1.7621459846850485e-12
1.8133050616597757e-11
1.2564100870804396e-09
1.0743406164692715e-11
1.7047341316356324e-10
4.263256414560601e-12
1.5347723092418164e-12
1.7053025658242404e-13
3.979039320256561e-13
2.8421709430404007e-13
5.115907697472721e-13
