1.5363973593363056e-06
4.85342643852249e-09
0.005437094995503933
1.049887521031856e-06
1.5422295296385613e-07
3.9235364412970597e-07
1.4409894610878382e-08
2.4132172593560597e-08
2.079338073945891e-07
1.7961185050374695e-07
6.412590647375538e-08
3.1825961617215626e-06
1.1057650628476523e-07
3.797686753959084e-08
9.036020069963513e-07
1.830502310840032e-07
3.83363862876962e-08
6.828439369499506e-09
3.794501046705534e-08
1.0148381666130746e-06
1.8505640353438935e-09
1.5447727319539695e-08
1.1593559445799428e-10
1.2363044366026088e-08
8.091489922534834e-09
