2.573719015686038e-12
-1.000266536266281e-11
3.1908678366221466e-08
-1.000177718424311e-11
-1.0002443318057885e-11
-1.0002443318057885e-11
-1.000266536266281e-11
-9.645395593338435e-12
7.36000149714755e-11
-1.000266536266281e-11
-1.0002443318057885e-11
1.3386847186325213e-11
-1.000266536266281e-11
-1.000222127345296e-11
-1.000266536266281e-11
-1.000266536266281e-11
-1.000266536266281e-11
-9.878098339299868e-12
-1.0001999228848035e-11
-1.000222127345296e-11
-1.000222127345296e-11
-1.0002443318057885e-11
4.958845162938985e-06
-1.0002443318057885e-11
-1.0002443318057885e-11
