6.366462912410498e-11
6.275513442233205e-11
6.45741238258779e-11
6.366462912410498e-11
6.275513442233205e-11
6.366462912410498e-11
6.639311322942376e-11
6.275513442233205e-11
6.184563972055912e-11
6.366462912410498e-11
6.45741238258779e-11
6.821210263296962e-11
6.275513442233205e-11
6.275513442233205e-11
1.0530766303418204e-07
6.275513442233205e-11
6.275513442233205e-11
6.275513442233205e-11
6.275513442233205e-11
6.275513442233205e-11
6.275513442233205e-11
7.09405867382884e-11
6.275513442233205e-11
6.366462912410498e-11
6.275513442233205e-11
