6.082245818106458e-11
6.082245818106458e-11
6.082245818106458e-11
6.082245818106458e-11
6.082245818106458e-11
6.082245818106458e-11
6.082245818106458e-11
6.082245818106458e-11
6.082245818106458e-11
6.082245818106458e-11
6.082245818106458e-11
6.082245818106458e-11
6.082245818106458e-11
6.082245818106458e-11
6.082245818106458e-11
6.082245818106458e-11
6.082245818106458e-11
6.082245818106458e-11
6.082245818106458e-11
6.082245818106458e-11
6.082245818106458e-11
6.082245818106458e-11
6.082245818106458e-11
6.082245818106458e-11
6.082245818106458e-11
