4.633449179891613e-11
4.632738637155853e-11
4.6355808080988936e-11
4.6341597226273734e-11
4.632738637155853e-11
4.632028094420093e-11
4.6341597226273734e-11
4.7414516757271485e-11
4.632738637155853e-11
4.6341597226273734e-11
4.632738637155853e-11
4.632738637155853e-11
4.632738637155853e-11
4.632738637155853e-11
4.639844064513454e-11
4.6412651499849744e-11
4.632738637155853e-11
4.6341597226273734e-11
4.779110440722434e-11
4.6412651499849744e-11
4.632738637155853e-11
4.633449179891613e-11
1.56035184772918e-10
4.632738637155853e-11
4.632738637155853e-11
