-0.14062123983370484
-0.14066642600648305
-0.1404840466162112
-0.1407072042333124
-0.14065273263485817
-0.1406323429788042
-0.14071036964962436
-0.1405888604139962
-0.1407235941285477
-0.1404529530115387
-0.14074795090946446
-0.1407265562030352
-0.14064302604251977
-0.14068202014407832
-0.13993827812633938
-0.14038305182125982
-0.1407217940795274
-0.1396096135938909
-0.14039719287298352
-0.14073083539258452
-0.14057497223380203
-0.1406997880795559
-0.14016985589455996
-0.140674162848851
-0.1405050012082773
