1.0850969662456836e-65
3.8204154113532415e-48
3.526798658379727e-48
2.0314865469097977e-59
2.652518375295139e-43
2.329277090145282e-48
2.1037905280955545e-58
2.690475868183332e-49
4.14255819103785e-52
1.2653245471707973e-46
2.472431538057891e-61
1.4373502088725915e-55
3.5851050646094124e-51
1.9920617849372727e-58
4.264690957039802e-36
1.362528249705302e-42
2.2910694994855866e-47
7.994389913934617e-44
2.0453618181243433e-44
1.9989369325189255e-54
1.830629198650344e-52
1.850822224872552e-52
4.2102165829121455e-44
3.690690217382503e-51
8.309133384733383e-52
