-3.5436187317827716e-10
-2.991669134644326e-10
-3.6479264053923544e-10
-2.567617229942698e-10
-3.849436325253919e-10
-2.7540636438061483e-10
-3.7630343285854906e-10
-2.787885478028329e-10
-2.828812739608111e-10
-3.2434854801977053e-10
-2.973479240608867e-10
-3.81504605684313e-10
-3.4944491744681727e-10
-3.836362338915933e-10
-3.61666252501891e-10
-3.539923909556819e-10
-3.780940005526645e-10
-3.905995527020423e-10
-3.758486855076626e-10
1.198065717744612e-07
-3.942091097997036e-10
-3.2028424357122276e-10
-3.631157596828416e-10
-3.709317297762027e-10
-3.5643665796669666e-10
