-1.7053025658242404e-13
8.526512829121202e-13
-5.684341886080802e-14
2.8421709430404007e-13
5.684341886080802e-14
2.8421709430404007e-13
-5.684341886080802e-14
2.8421709430404007e-13
300.00850000000025
1.1937117960769683e-12
5.684341886080802e-14
5.684341886080802e-14
2.8421709430404007e-13
1.7053025658242404e-13
3.581135388230905e-12
-5.684341886080802e-14
5.684341886080802e-14
-2.8421709430404007e-13
7.389644451905042e-13
5.684341886080802e-14
3.979039320256561e-13
-1.7053025658242404e-13
1.7053025658242404e-13
300.00849999999997
8.526512829121202e-13
