2.571657109484704e-09
1.9555628227863053e-09
1.5563614841340723e-09
1.9553669794447615e-10
8.139715013122384e-09
3.801122794300227e-08
4.880685522401507e-09
1.6591423790401905e-09
3.17215508638391e-07
4.731182223771668e-08
6.897540627548437e-08
1.45930664219307e-08
1.6891068654878438e-08
3.8099230326160693e-08
4.304890222073254e-09
1.1103071195783798e-07
1.98777404092354e-07
1.8237488474959207e-07
9.740048767525877e-09
1.2255104209213386e-07
4.3964011542385606e-08
7.317718497823478e-08
1.3130305287489819e-08
3.17106287339719e-07
3.4503181645106906e-08
