-1.0002443318057885e-11
-1.0002443318057885e-11
-1.000133309503326e-11
-1.000222127345296e-11
-1.0002443318057885e-11
-1.0001999228848035e-11
-1.000222127345296e-11
-1.000266536266281e-11
-1.000266536266281e-11
-1.0002443318057885e-11
-1.000266536266281e-11
-1.0002443318057885e-11
-1.000266536266281e-11
3.464051268053936e-11
-1.000222127345296e-11
-1.000266536266281e-11
-1.000266536266281e-11
-1.0002887407267735e-11
-1.000222127345296e-11
-1.000266536266281e-11
1.6796972568400292e-06
-1.000177718424311e-11
-1.000222127345296e-11
-1.000266536266281e-11
5.179369377827925e-09
