-0.00010284169669461107
-0.00010284169483831818
-0.00010284169671948007
-0.00010284169669017018
-0.00010284169651342268
-0.00010284169649921182
-0.00010284169673724364
-0.00010284169675145449
-0.00010284169674434906
-0.00010284169675855992
-0.00010284169675855992
-0.0001028416967550072
-0.00010284169671948007
-0.00010284169673369092
-0.00010284169666441301
-0.00010284169673369092
-0.0001028416967265855
-0.00010284169671948007
-0.00010284169673724364
-0.0001028416965986878
-0.00010284169673191457
-0.0001028416967550072
-0.00010284169675855992
-0.00010284169671948007
-0.00010284169669461107
