6.175301773683233e-30
6.175301773683233e-30
9.25678968470281e-30
7.407896938091064e-30
6.175301773683233e-30
6.175301773683233e-30
6.175301773683233e-30
6.175301773683233e-30
6.175301773683233e-30
1.1241267899399418e-29
6.175301773683233e-30
7.65441597097263e-30
6.175301773683233e-30
6.175301773683233e-30
6.175301773683233e-30
6.175301773683233e-30
6.175301773683233e-30
6.175301773683233e-30
1.3644828469994689e-29
1.035379938102578e-29
3.986579112347137
6.175301773683233e-30
2.536680848351316e-29
1.035379938102578e-29
9.25678968470281e-30
