1.5706571056756824
1.570657205393913
2.29159882553477e-80
1.5706571088877304
2.2199973617796803e-74
1.5706573057328272
4.084518388802667e-79
1.5455783765286009e-74
8.476619219720566e-72
8.478913003538476e-67
5.911813640327955e-80
3.1136625717841965e-72
1.6306217786355338e-74
9.217050447517861e-79
1.5706571056756824
1.5706571056756824
3.092072192946264e-86
1.5706571056756824
4.083720669568971e-83
4.0051137887290123e-69
4.590027428058207e-77
2.3273571617998073e-77
1.3025946357235781e-76
7.225814020052117e-76
5.972784419841533e-78
