0.010855305446757613
0.010855316860007624
0.010855381801952557
0.22720265588621724
0.010855311048211025
0.01034184726838916
0.010341850254489415
0.010855275417950727
0.010341845574891484
0.010855290625041758
0.010855292268312722
0.010855347463166964
0.010341855743349893
0.010855306553929633
0.010341849545188686
0.010855272596853704
0.010855307273722303
0.010341848201351755
0.010341853317972882
0.01034184998539911
0.010855267399880852
0.010855283316631437
0.010855350038424638
0.010341846129266474
0.010855282667825095
