1.900340817652385e-18
1.908087629842526e-18
5.409913994193509e-19
2.5163712136195613e-19
1.8981527860524063e-19
7.106720687203561e-19
2.833016478144922e-19
3.4749749129581002e-19
7.198833016589027e-21
9.191373520759634e-17
4.636928848489233e-19
5.314499826940678e-18
4.960639256051972e-20
9.96843779295871e-19
2.144058901903973e-18
1.538824233873707e-18
4.618137719669343e-19
7.415973760917776e-19
2.115517812816374e-18
1.4720585347478648e-19
6.574948873489886e-19
3.957856467163902e-19
1.0327439766944042e-18
1.2925909415143965e-18
1.3371176457892255e-19
