1.0341374609808961e-16
5.304999310419648e-16
1.5114905024608252e-16
5.717915427981292e-16
3.076967521908842e-15
1.2621619564750102e-14
4.802186286710504e-15
3.9866238543011847
5.299177590115889e-16
6.121303111920755e-16
3.9866238543011088
2.9080296945386088e-15
3.4855874999657124e-14
3.9866238543009573
3.9866238543009427
3.9866238543011314
3.9866238543009827
2.468257317100601e-15
2.557132543887043e-13
3.9866238543010266
1.0994777621199599e-14
3.9866238543013814
2.6625258509606082e-17
3.986623854300948
3.986623854303322
