7.895511585130802e-28
3.986623854300931
9.040099454799914e-28
1.690344030613967e-27
1.0722591854216603e-27
7.923244976329978e-28
1.0801477944738704e-27
1.9982832805379755e-28
6.982405087337481e-28
3.986623854300932
1.1710393618973039e-27
4.248509012680912e-28
1.6591963508093812e-27
1.5154264508328518e-27
9.397305533445303e-28
7.087915233410791e-28
2.15041017572919e-27
3.9866238543009302
6.328266833586245e-28
1.6111004874941877e-27
5.124760915058439e-28
9.850555427301351e-27
1.2258528688585201e-27
2.901652276532475e-28
2.216822403187484e-28
