-0.0013483997249252866
-0.0013483997249252866
-0.0013483997249252866
-0.0013483997249252866
-0.0013483997249252866
-0.0013483997249252866
-0.0013483997249252866
-0.0013483997249252866
-0.0013483997249252866
-0.0013483997249252866
-0.0013483997249252866
-0.0013483997249252866
-0.0013483997249243984
-0.0013483997249252866
-0.0013483997249252866
-0.0013483997249252866
-0.0013483997249252866
-0.0013483997249252866
-0.0013483997249235102
-0.0013483997249252866
-0.0013483997249252866
-0.0013483997249252866
-0.0013483997249252866
-0.0013483997249252866
-0.0013483997249252866
