-0.00028398091712000806
-0.0002839809171186758
-0.00028398091710890583
-0.00028398091711601126
-0.00028398091710890583
-0.00028398091707160233
-0.0002839809171191199
-0.00028398091712045215
-0.00028398091710890583
-0.0002839809171177876
-0.000283980917094695
-0.0002839809171213403
-0.00028398091711601126
-0.0002839809170978036
-0.0002839809171151231
-0.00028398091712045215
-0.0002839809171142349
-0.0002839809171053531
-0.000283980917114679
-0.0002839809170982477
-0.0002839809171213403
-0.00028398091711956397
-0.0002839809171177876
-0.00028398091711689943
-0.0002839809171213403
