4.632738637155853e-11
4.6341597226273734e-11
1.0695089258661028e-10
4.6355808080988936e-11
1.7179502265207702e-10
4.632738637155853e-11
4.632738637155853e-11
4.6412651499849744e-11
4.633449179891613e-11
4.6341597226273734e-11
6.192379942149273e-11
4.6341597226273734e-11
4.632738637155853e-11
4.632738637155853e-11
4.6355808080988936e-11
4.6625814320577774e-11
4.633449179891613e-11
4.632738637155853e-11
4.6419756927207345e-11
4.6341597226273734e-11
4.632738637155853e-11
4.6341597226273734e-11
4.632738637155853e-11
4.632738637155853e-11
4.6348702653631335e-11
