6.268142886304388e-54
2.0014048300340784e-63
5.066382850615067e-67
2.5371747815573955e-45
1.0681823670339473e-51
1.3029469099351553e-69
1.3056036604658709e-59
1.1003432145633522e-67
9.26893129439442e-56
1.2870510615966737e-61
8.86658266976306e-55
3.1722951132610294e-64
3.423783001377559e-45
1.4554072797963042e-50
1.0891072458464649e-69
1.0527377440327675e-54
8.434775605403258e-50
1.3434084420994973e-47
3.0132759478909544e-63
8.970842049560696e-51
3.471438156454158e-63
1.6060523622999247e-61
2.1511637856067523e-54
1.8282191231820447e-55
3.2145030971792786e-61
