-0.14013568589380926
-0.1406554540955015
-0.13911175292445238
-0.14016928449166943
-0.14058779159362855
-0.14072257674282884
-0.14032433271625894
-0.1406717627119602
-0.14054511511738435
-0.14061069511087645
-0.1405005326515142
-0.1406052266886978
-0.1401190663620565
-0.140671256900118
-0.1406102093305966
-0.14061073525012469
-0.14069410024655968
-0.14066203435563326
-0.14070160819769875
-0.14001479911101733
-0.14075299160352844
-0.14068864335285333
-0.13972008308942657
-0.14071639618205556
-0.1406827284063642
