-3.027480488526635e-10
-4.051230462209787e-10
-3.5436187317827716e-10
-3.81504605684313e-10
-3.417994776100386e-10
-3.6558844840328675e-10
-2.89276158582652e-10
-3.29094973494648e-10
-3.7258018892316613e-10
-3.849436325253919e-10
-3.460627340245992e-10
-3.0451019483734854e-10
-3.3998048820649274e-10
-3.7272229747031815e-10
-3.240359092160361e-10
-3.383888724783901e-10
-3.105640189460246e-10
-3.3787728170864284e-10
-3.758486855076626e-10
-2.4692781153135e-10
-3.5629454941954464e-10
-4.15695922129089e-10
-3.056754849239951e-10
-3.4586378205858637e-10
-3.905995527020423e-10
