-5.684341886080802e-14
5.115907697472721e-13
5.115907697472721e-13
-5.684341886080802e-14
1.7053025658242404e-13
2.8421709430404007e-13
1.7053025658242404e-13
5.115907697472721e-13
3.979039320256561e-13
-1.7053025658242404e-13
3.979039320256561e-13
5.684341886080802e-14
2.8421709430404007e-13
1.7053025658242404e-13
5.684341886080802e-14
1.7053025658242404e-13
3.979039320256561e-13
-1.7053025658242404e-13
-5.684341886080802e-14
5.684341886080802e-14
5.684341886080802e-14
3.979039320256561e-13
300.0084999999998
1.7053025658242404e-13
300.0085000000002
