4.796922636884915e-09
1.2368186474986942e-09
1.913133649500409e-06
9.559163438588314e-08
6.62497812164986e-07
5.378419740686979e-07
1.1810864819494782e-07
1.6660438362237073e-08
1.7603751789607713e-09
3.5176476176346227e-09
5.772012312554864e-09
1.1551607481674608e-07
1.4400878489695401e-08
1.5634554761945196e-09
9.553631643566263e-07
1.1794766352490882e-07
1.4182011154328933e-07
6.326778755338935e-07
1.7093046078553442e-06
6.423934717503244e-10
1.1115765086167073e-08
1.6958214040796449e-06
2.5081547949667993e-09
1.7605935465070388e-07
2.8976678834169434e-09
