-1.0002443318057885e-11
-1.000266536266281e-11
-1.0002887407267735e-11
-1.000266536266281e-11
-1.0002443318057885e-11
-1.0001999228848035e-11
-1.000266536266281e-11
-1.0002443318057885e-11
-9.980682946775232e-12
-1.000222127345296e-11
-1.000266536266281e-11
5.094015411311048e-05
-1.0002443318057885e-11
-1.000177718424311e-11
-1.0002443318057885e-11
-1.0002887407267735e-11
-1.000266536266281e-11
2.441526446328446e-05
-1.0002443318057885e-11
1.836752971939859e-11
-1.000177718424311e-11
-1.0002443318057885e-11
-1.000222127345296e-11
-1.000266536266281e-11
-1.0002887407267735e-11
