7.979750193953805e-11
7.978684379850165e-11
7.977618565746525e-11
7.977618565746525e-11
7.979750193953805e-11
7.978684379850165e-11
7.978329108482285e-11
7.977973837114405e-11
7.978684379850165e-11
7.980460736689565e-11
7.979039651218045e-11
7.977618565746525e-11
7.982237093528965e-11
7.981526550793205e-11
7.978329108482285e-11
7.979039651218045e-11
7.978684379850165e-11
7.977973837114405e-11
7.978684379850165e-11
7.977618565746525e-11
7.978329108482285e-11
7.977618565746525e-11
7.980460736689565e-11
7.977618565746525e-11
7.979039651218045e-11
