-4.826639265509414e-05
-4.826639190014248e-05
-4.826639006161315e-05
-4.826639107946562e-05
-4.826639323596282e-05
-4.8266385462625294e-05
-4.82663804906025e-05
-4.8266229999427424e-05
-4.8266391537765685e-05
-4.82663244678605e-05
-4.82663499274949e-05
-4.826637690058533e-05
-4.8266358636084306e-05
-4.826639264621235e-05
-4.826638836519237e-05
-4.8266385732631534e-05
-4.826639071353611e-05
-4.8266379543804305e-05
-4.826629623622125e-05
-4.826639000654609e-05
-4.826636570243181e-05
-4.8266359542026294e-05
-4.826636122601258e-05
-4.8266246100325816e-05
-4.8266392711937556e-05
