-0.0005096471914356471
-0.0005096471914356471
-0.0005096471914356471
-0.0005096471914356471
-0.0005096471914356471
-0.0005096471914356471
-0.0005096471914356471
-0.0005096471914356471
-0.0005096471914356471
-0.0005096471914356471
-0.0005096471914356471
-0.0005096471914338707
-0.0005096471914356471
-0.0005096471914356471
-0.0005096471914356471
-0.0005096471914356471
-0.0005096471914356471
-0.0005096471914356471
-0.0005096471914356471
-0.0005096471914338707
-0.0005096471914356471
-0.0005096471914356471
-0.0005096471914356471
-0.0005096471914356471
-0.0005096471914356471
