-1.7127136849204305e-05
-1.715428726534185e-05
-1.7127128991489826e-05
-1.6869362340798943e-05
-1.7114392900197117e-05
-1.7018288396286607e-05
-1.712866260561441e-05
-1.7090718046119946e-05
-1.713029318839432e-05
-1.704751633546664e-05
-1.706104821153076e-05
-1.7088082039151686e-05
-1.7017420717024834e-05
-1.6964741298863828e-05
-1.7115080209961775e-05
-1.712373050821725e-05
-1.7086612688288483e-05
-1.7150812119837155e-05
-1.702786511970089e-05
-1.7092354894998607e-05
-1.7125207023127587e-05
-1.6735472513573768e-05
-1.708661565658076e-05
-1.698361615654065e-05
-1.7004508961804277e-05
