-0.00010284169673369092
-0.00010284169676566535
-0.00010284169675323085
-0.00010284169675855992
-0.00010284169676566535
-0.00010284169676566535
-0.00010284169676211263
-0.0001028416967550072
-0.00010284169675855992
-0.0001028416967550072
-0.00010284169676566535
-0.00010284169675855992
-0.00010284169675855992
-0.00010284169675855992
-0.00010284169675145449
-0.00010284169674079635
-0.00010284169676566535
-0.00010284169673013821
-0.00010284169675855992
-0.00010284169675145449
-0.00010284169674079635
-0.00010284169671237464
-0.00010284169675855992
-0.00010284169673902
-0.00010284169673369092
