-0.1688191954783811
-0.16881934857218361
-0.1688193397205332
-0.16881942350070156
-0.16881935975114215
-0.16881792347579605
-0.16881939541753987
-0.16881935839719553
-0.1688194156653371
-0.1688193521203072
-0.16881912244899278
-0.16881914276402965
-0.1688193691365818
-0.16881940394512995
-0.16881939613431218
-0.1688193556077493
-0.10246890823083044
-0.16881942619614954
-0.16881768296684674
-0.12041589364655936
-0.10246390904721858
-0.1688190108671903
-0.1688194239952775
-0.16860188748977145
-0.16881854712497713
