5.560940153504527e-06
0.00010632225336096497
8.573539278998429e-14
4.597123357981265e-06
0.0
1.0909971188618359e-07
0.0001398748722654419
0.0
5.586298785145472e-17
0.00015862005523029584
0.0
1.0462829354894026e-12
1.7623110651794285e-21
4.169284145721296e-29
2.8651173613485186e-06
4.409835658426315e-19
6.568753251628857e-11
6.617848768043502e-06
0.19485483793458092
1.610715907777979e-16
1.1022115427785006e-23
0.0004792534965277675
5.827561206376193e-06
3.180573805553638e-17
0.00018488818728871844
