0.010855265018702598
0.01085526501870282
0.2927076285397413
0.010855265018702598
0.01085526501870282
0.22715493441872614
0.01085526501870282
0.010855265018702598
0.010855265018702598
0.01085526501877021
0.0586890099191657
0.01085526501870282
0.011932002314267054
0.01085526501870282
0.5731665923789839
0.2271549310161114
0.01085526501870282
0.10186099271061488
0.01085526501870282
0.010341844241394504
0.01085526501870282
0.4953040439652635
0.010855265018702598
0.01085526501870282
0.10186099271061488
