8.886927943882731e-19
7.225605836667551e-19
2.9222962151439214e-19
6.445586513814061e-19
1.8896543364880623e-19
2.8992425528657562e-18
7.679348952324927e-19
4.377368129043469e-19
2.3820175289149277e-18
2.2529834743037803e-19
7.510938711199902e-19
2.2864379377977695e-18
2.0253782115318284e-19
1.000667979752102e-18
4.609996933049109e-19
2.0678577164330793e-19
9.145857659273252e-20
3.980565888081872e-20
2.4872428783556446e-18
1.7692594479424796e-18
1.5175611990464445e-18
1.54591954651297e-19
2.4181918536626713e-19
6.99318654381643e-19
4.396558828259992e-19
