1.0412963948917356e-28
7.243961781224822e-29
5.981784332871204e-29
7.124400050277263e-29
2.997671439839845e-29
1.2079432611196743e-29
2.0756902568627873e-29
3.5695955961250784e-29
2.1262266586035084e-29
4.600045153570025e-29
1.735493991486226e-29
6.22830336575277e-29
5.36425415550288e-29
5.048709793414476e-29
5.99534287967969e-29
2.8263407119871564e-29
8.04638123325432e-29
1.062620291235991e-28
1.3095091026668796e-28
4.966125917399151e-29
3.201049641967137e-29
1.1795935723382942e-29
4.1020767071492614e-29
7.559506143313227e-29
5.350695608694394e-29
