1.041838736764075e-27
1.812321648083766e-27
8.2258470891921e-28
6.922377702830819e-28
1.7200249221729077e-27
3.965998200998637e-28
4.880583812989247e-28
6.759675141128986e-28
4.9441857234726915e-28
5.619771133084624e-28
9.876538533367068e-28
6.048590990782108e-28
1.1656529210288416e-27
1.2945330714193245e-27
1.3053675829144693e-27
9.205143947314122e-28
1.0602290566170399e-27
6.203528202948172e-28
4.745121604420827e-28
1.3613274033785848e-27
5.389029318307478e-28
1.0242496037679753e-27
8.459670391880266e-28
7.485427173932317e-28
9.120711178552186e-28
