3.986579112347137
3.986579112347137
7.420222889735142e-30
8.665144005787052e-30
1.0242865816229075e-29
1.035379938102578e-29
8.763751618939678e-30
6.175301773683233e-30
1.0242865816229075e-29
7.469526696311456e-30
6.175301773683233e-30
1.1241267899399418e-29
6.175301773683233e-30
6.175301773683233e-30
1.0242865816229075e-29
8.665144005787052e-30
6.175301773683233e-30
3.986579112347137
7.469526696311456e-30
7.420222889735142e-30
3.9865791123471364
1.318876825916379e-29
6.175301773683233e-30
6.175301773683233e-30
1.064962222048366e-29
