0.4745743290212181
0.010855265442248463
0.010855265021018634
0.010855582140354092
0.011003648126164611
0.010855270539026907
0.010341844387111832
0.24110455446540424
0.010855406417365043
0.010855358448530583
0.010855265120172763
0.2271549951496793
0.010855265026373795
0.010855265056446406
0.010855950117420354
0.26690750989623124
0.011995627013305477
0.010855265020204174
0.7102036099439422
0.010855268023999609
0.010855265020609073
0.22716714178617903
0.010855265361998212
0.010855265037122419
0.4385936685505678
