6.818909175058705e-11
1.6603113464659403e-13
5.32247057757942e-15
5.6444942770609935e-21
1.0258357690927962e-11
5.331046207557397
7.070585226028471e-16
6.593390737050548
6.565101304572075e-11
1.6575974061845857e-15
8.098941941067816e-17
3.5902186026765036e-14
1.202558967918009e-17
7.204135784458687e-13
1.376694011132509e-07
9.266840701061072
9.03518158585388e-19
1.6840136237154207e-17
1.5900473312930248e-15
7.668558357975625e-14
8.287878465319321e-24
9.527110097842142e-09
3.757634334989364e-14
8.516318538116501e-15
1.439378490423818e-12
