1.0961942363107493e-18
1.1818826104704494e-18
4.608746820672154e-20
3.72989785974676e-19
3.1036589800876746e-19
5.328359958263173e-19
4.949008529288125e-19
3.71200115178503e-18
6.969056111668251e-19
2.0030102228811323e-18
8.424522875735456e-19
1.979804852193223e-19
2.720967933257369e-19
1.4006668896322112e-17
7.70460777105425e-20
1.9405372952452995e-19
1.7680702907967646e-19
2.585570535110303e-19
7.8488730779566005e-19
2.9648770161336376e-20
1.5036951173485817e-20
1.8996487428677044e-18
4.436912754542999e-19
3.744823119307907e-19
8.130921780150991e-20
