6.074228970201791e-29
5.862222601923644e-29
4.338734978715565e-29
1.444601532685978e-29
7.174936452017984e-29
4.966125917399151e-29
1.444601532685978e-29
4.0194928311339367e-29
6.22830336575277e-29
2.8263407119871564e-29
5.281670279487556e-29
4.1020767071492614e-29
2.441771020691913e-29
6.22830336575277e-29
0.0
2.91508756382452e-29
1.262177448353619e-29
3.457429436163966e-29
7.806025176194793e-29
1.2923760298816107e-28
2.0756902568627873e-29
1.1795935723382942e-29
1.262177448353619e-29
3.337867705216406e-29
2.524354896707238e-29
