1.1810357086806514e-27
6.509211803721314e-28
7.254685359155171e-28
3.7541150922369307e-28
5.777543314128826e-28
1.9547973231376673e-27
1.2259391505200287e-27
1.086064251263028e-27
1.1352817761778327e-27
4.6873128912100995e-28
1.1883326720539457e-27
1.5009188057477717e-27
6.41097396911801e-28
5.534968585773365e-28
1.0694488684468104e-27
5.576383783297468e-28
3.326158051154532e-28
6.3790497543598475e-28
6.547545513334398e-28
9.742432179479496e-28
9.844984097158227e-28
1.1423815243248218e-27
5.3673356434139e-28
3.7166441992389327e-28
8.197743919443602e-28
