2.0941978108758916e-14
3.986623854301193
1.8683182853957238e-18
1.336869008229439e-15
3.7469023800636593e-13
8.077450735190596e-18
3.986623854300993
2.2586198451059417e-20
3.6454618387557573e-17
1.913079905605203e-24
5.130901768545779e-18
8.551419789334392e-16
7.176916964745574e-16
2.940869298239873e-18
1.317046179853791e-17
3.766829576736109e-15
3.070374810061815e-13
5.019616564981194e-17
1.815744709291573e-15
9.644919571054342e-14
8.674110905720253e-14
8.773112241667403e-12
7.348211294817428e-16
1.4847221907909226e-14
5.4605087496616315e-14
