1.625299983788166e-27
1.2639523853903662e-27
2.607678329821207e-27
3.986623854300931
9.849544699266536e-28
9.4628795961918e-28
8.53424239932694e-28
1.2067525741908564e-26
8.200332369288859e-28
7.09407820923283e-28
2.519450400548059e-26
1.1934479419862382e-27
5.2155538748687196e-27
9.192694736153603e-28
5.933540558136281e-27
7.704336075131147e-28
4.959962941577112e-28
2.6076906557728512e-27
4.0997347763368865e-28
4.440177560746329e-28
1.234653598332392e-27
8.900446422672506e-28
3.783130382407091e-27
1.1037643178239245e-27
6.718629722154205e-28
