0.00012853940367874017
0.00010816335722985126
0.0003298475405908441
0.00013525967592009636
0.00017279541879311466
0.0002682759698817705
0.00023424474063915568
0.00025327730123425596
0.00020219116672848259
7.92546877068645e-05
0.00018390007423851884
0.00020830706216212747
0.00017370299786056975
0.00015206094205966192
0.00012875136733025982
0.0003034759652394414
0.00030663843866451934
0.0001616733421503369
0.0003841839080696019
0.00014626940402573396
0.00013413372996484707
8.96567917414437e-05
0.00020750437911587483
0.00015031494319206473
0.00022272916488752514
