-0.0002839809171177876
-0.0002839809170325225
-0.0002839809171213403
-0.00028398091707071416
-0.00028398091711245854
-0.0002839809171142349
-0.0002839809171186758
-0.0002839809171053531
-0.0002839809171191199
-0.0002839809171206742
-0.0002839809171213403
-0.0002839809171213403
-0.00028398091711956397
-0.0002839809171018004
-0.00028398091711956397
-0.00028398091711956397
-0.0002839809171177876
-0.0002839809170822605
-0.0002839809171142349
-0.00028398091711956397
-0.00028398091711956397
-0.0002839809171186758
-0.0002839809171018004
-0.0002839809170929186
-0.00028398091711956397
