-0.00013452958272452964
-0.00013448106664704085
-0.00013446850455878234
-0.00013452755411158535
-0.00013449627755335314
-0.00013451858021795715
-0.00013450161660477633
-0.00013452948801861986
-0.00013447010630418532
-0.0001345276893016667
-0.00013453151197317936
-0.00013447748335537746
-0.00013452368985777952
-0.00013445767881936632
-0.00013453313142886003
-0.00013450942861759074
-0.00013452525194690423
-0.00013444876549595364
-0.00013453040673383487
-0.00013449435207357752
-0.00013453093418380746
-0.00013449971741863465
-0.00013450917585089428
-0.0001345262745200415
-0.00013451831879773835
