-1.713190606045245e-05
-1.6958885048268257e-05
-1.7095237460296175e-05
-1.716434308662862e-05
-1.7010125884731053e-05
-1.7066673605903304e-05
-1.7024812578370074e-05
-1.711558257255774e-05
-1.710590296255532e-05
-1.71200535561411e-05
-1.71757076312673e-05
-1.7167626733538555e-05
-1.7062255288635697e-05
-1.7061603703183437e-05
-1.7090166778643834e-05
-1.7159608056260822e-05
-1.7112760726689658e-05
-1.7090558237953246e-05
-1.7085069853095547e-05
-1.713334729025462e-05
-1.709249566061999e-05
-1.7087245854696675e-05
-1.696661036731939e-05
-1.7107913683478415e-05
-1.708341141970493e-05
