-4.826636372712301e-05
-4.8266077692815657e-05
-4.826638202504174e-05
-4.826534331670018e-05
-4.8266211614134136e-05
-4.826637683663648e-05
-4.8266348856351726e-05
-4.82663881911094e-05
-4.826620349440702e-05
-4.826633077215092e-05
-4.8266214559333775e-05
-4.826430301818618e-05
-4.826637514643295e-05
-4.82663814125317e-05
-4.826636721055877e-05
-4.8266321474699225e-05
-4.8266351093673165e-05
-4.82663208130063e-05
-4.8265109677814166e-05
-4.826638887234225e-05
-4.826609343844268e-05
-4.82663428114094e-05
-4.826638660127003e-05
-4.8266176172262476e-05
-4.826629007226302e-05
