-3.6006334824876394
-0.7931287799978076
-0.1688160328256081
-0.16880923451925378
-0.44327444034358787
-0.16881909016032826
-0.08092732377725365
-0.16881582651106664
-1.5217980879812838
-2.696230000512238
-0.1024632658987108
-0.16850483181128528
-3.2535611481631017
-0.6135273791381156
-0.1562750252010282
-0.16881123630757933
-0.1685572561242905
-0.16879644061121057
-0.0921937590533809
-0.168810405625756
-0.16881910797726163
-0.16881266389799088
-1.117085556128839
-3.085711538001311
-0.16768271301006754
