1.8145772972346324e-26
2.702149353602081e-26
6.934092287273351e-26
2.2646973854492156e-25
3.406873312900614e-26
6.498779118249767e-26
4.980394439022336e-26
4.11413148785717e-26
5.108682943733903e-26
7.941314821440197e-27
6.285329381034098e-26
5.750792301275683e-26
4.098551484979055e-26
1.4949271606535852e-26
2.7780722853489457e-26
2.594488575485912e-25
6.514508265142775e-26
2.652214458301591e-26
1.0787160119308943e-25
1.233773032346939e-25
7.049537150371789e-26
2.7405040173329594e-26
3.4692487911954725e-26
3.4590811136842723e-26
1.0293254306550067e-26
