5.085088531908503e-23
3.7790750598834205e-22
4.503742079222866e-23
7.758993227395758e-24
2.1421824644630713e-22
2.139453287255742e-23
1.6214572056605628e-23
5.391485276498512e-24
4.2070903971704177e-23
6.424072643298822e-23
8.037547208919868e-23
8.224076188904517e-23
8.010592931263352e-24
2.9168523787897773e-23
7.43498396008381e-23
4.236179228898467e-23
1.044199827405464e-22
1.535196778068912e-23
1.8691174244491443e-22
1.2651385696490485e-23
1.7725313265307146e-23
5.468490156861386e-23
1.1461635552323422e-23
3.277115837140625e-22
1.4174323348062157e-23
