1.1795935723382942e-29
9.827481245823636e-29
1.262177448353619e-29
1.8932661725304283e-29
2.524354896707238e-29
8.506139229578441e-29
1.0255191767873153e-29
7.332708633062186e-29
1.1795935723382942e-29
0.0
2.0756902568627873e-29
5.350695608694394e-29
4.088518160340775e-29
5.231133877746835e-29
3.4081256295876526e-29
1.262177448353619e-29
1.5641632636335375e-29
2.2839988396477107e-29
0.0
4.600045153570025e-29
5.048709793414476e-29
2.441771020691913e-29
0.0
2.524354896707238e-29
3.155443620884047e-29
