6.434270017725318e-28
2.0249073360891847e-28
3.3763246743459305e-28
4.487755734092472e-28
3.586851928426788e-28
2.6911250224516173e-28
2.6477376726644617e-28
4.4049253390442655e-28
4.854576055020242e-28
4.1508874756598115e-28
2.332193310576057e-28
3.587344966492551e-28
8.705203348630306e-28
7.660948725343992e-28
4.554808911036258e-28
6.334553068924725e-28
5.929399038383871e-28
2.8518554318903985e-28
6.146335787319649e-28
6.134872652290656e-28
3.296575767208744e-28
2.768038960710666e-28
5.049819129062443e-28
8.639136247818046e-28
3.7048112856606175e-28
