0.021243137934297364
2.0457931307158173e-05
7.439688159889099e-06
3.9866281198009714
3.837165127731059e-05
2.1385351024396304e-08
3.9866238592253396
3.5131144016556835e-06
6.765536159523014e-09
2.3779045901037773e-06
1.3310576034133482e-05
7.025522269224272e-05
0.00036279821213637943
6.212821304447756e-06
0.023921127959609198
2.56403536690592e-07
0.0001600871426935108
3.850510863640565e-06
2.4719684874642504e-05
0.040721296562683265
5.59868906161667e-06
8.967958965379272e-05
1.3473391679396654e-10
5.454551651120514e-06
3.5349128334519395e-07
