6.175301773683233e-30
6.175301773683233e-30
6.175301773683233e-30
6.175301773683233e-30
6.175301773683233e-30
6.175301773683233e-30
6.175301773683233e-30
6.175301773683233e-30
6.175301773683233e-30
7.420222889735142e-30
1.0242865816229075e-29
1.064962222048366e-29
9.25678968470281e-30
6.175301773683233e-30
6.175301773683233e-30
9.910065121838961e-30
6.175301773683233e-30
6.175301773683233e-30
7.420222889735142e-30
3.9865791123471364
6.175301773683233e-30
6.175301773683233e-30
7.469526696311456e-30
6.175301773683233e-30
6.175301773683233e-30
