0.010341846100194507
0.010855269944176293
0.010855267152340864
0.010855265172220241
0.010855275689625299
0.0103418443769564
0.010855267106597899
0.010855265449568718
0.010341844781155962
0.010855278551572867
0.2273012864322118
0.010855302535573097
0.010855290227607894
0.01085528142428549
0.2275647794400042
0.010341844292382385
0.010855273203973614
0.010855268237016436
0.010341868120288367
0.010855271548870782
0.010855271015553725
0.010855265460808616
0.010855270840100517
0.010855267249651135
0.01085526701035655
