7.72035894531662e-15
2.333688813188048e-13
2.765195548048686e-11
5.2079172965056906e-12
2.0865835561366844e-11
7.49951013180943e-15
1.214226668407486e-12
5.51990698909052e-08
2.4749057143386887e-11
9.783203951107982e-13
6.945769370833241e-16
1.167793197254671e-15
4.940357772259859e-16
3.148363736065901e-19
1.2487259443749445e-10
5.2237053100857625e-15
1.268531674401999e-09
1.0998767036394964e-08
1.4564657286021776e-10
2.4674664626793483e-16
4.876748028609216e-11
6.186202657056343e-17
1.265446113169381e-16
2.987759131277523e-14
9.890965971683916e-12
