2.275802414605093e-24
6.483896801212561e-24
9.220696225429204e-23
9.861460788366546e-24
1.5648341637024105e-22
1.9788152337074397e-23
7.820090110074673e-24
2.0908667771094044e-23
5.353491479653917e-24
6.381100348979163e-24
3.47411504239189e-23
8.352079008871853e-25
2.2823636789026073e-24
2.7433438988423847e-22
2.0016575147309226e-23
8.214642799147633e-25
1.1531495188219194e-23
1.7277470040438803e-22
4.243907965427473e-23
1.7464146009862e-23
6.809825418875909e-23
2.225240945699773e-22
6.175027352393615e-23
3.54678723612052e-23
1.2328013923699783e-23
