7.875050505401632e-29
9.33074539456728e-30
2.195251987810347e-29
4.7196068845175847e-29
5.36425415550288e-29
5.912759003664365e-29
3.053138222238197e-29
0.0
1.262177448353619e-29
2.0756902568627873e-29
4.1020767071492614e-29
5.679798517591285e-29
6.612873057048013e-29
2.8398992587956425e-29
2.2876966251409342e-29
4.417621069237666e-29
2.0756902568627873e-29
3.337867705216406e-29
1.062620291235991e-28
1.444601532685978e-29
4.088518160340775e-29
9.33074539456728e-30
5.048709793414476e-29
1.938872193613518e-29
3.7865323450608567e-29
