2.920264463515033e-28
8.740702089365252e-28
4.951211515909816e-28
7.610535583119711e-28
3.36991517949101e-28
3.7451171475367535e-28
4.976849495329499e-28
8.478282578862824e-28
3.839287418097512e-28
4.68583377701281e-28
3.2275504380019053e-28
6.197611746159015e-28
5.562948496005423e-28
2.8320106497434324e-28
4.284624050998061e-28
4.052772900572948e-28
3.564788474983888e-28
6.111699863199789e-28
1.843469327888352e-28
3.1791094480406776e-28
4.975740159681532e-28
3.8053910510762965e-28
3.281661365719409e-28
3.557885942063204e-28
4.954046484787954e-28
