7.888609052210118e-29
1.2937318845624594e-28
8.066102755884846e-29
8.519697776386927e-29
6.310887241768094e-29
4.02319061662716e-29
8.519697776386927e-29
9.071900410041636e-29
2.208810534618833e-29
7.435014031708036e-29
1.7216889256448583e-28
1.3272584730343524e-28
2.3863042382935607e-29
5.99534287967969e-29
1.1044052673094165e-28
6.172836583354417e-29
8.440811685864826e-29
5.916456789157589e-29
9.071900410041636e-29
6.863089875422803e-29
1.5777218104420236e-29
1.2483723825122512e-28
1.2306230121447784e-28
3.7865323450608567e-29
1.0097419586828951e-28
