9.02062445120227e-28
6.299054328189779e-28
4.674000863434495e-28
89.40002749769822
83.15078803085125
6.33849737345083e-28
7.218077282772258e-28
1.0937556450889329e-27
1.1387207166865305e-27
1.0180249981877157e-27
7.00114053383648e-28
78.85631580147746
3.9798032668400046e-28
6.251722673876519e-28
6.910421529736063e-28
81.80776406072155
78.91355870568454
1.1769804705897496e-27
1.1852635100945702e-27
80.38381037743163
7.971439447258324e-28
9.639880261800764e-28
8.598583866909029e-28
81.9701933878479
6.022953011362425e-28
