2.4393283141153444e-19
3.9866238543009493
2.1900414836330734e-19
2.277803383726173e-18
1.0263469137440218e-24
3.668288535268123e-19
5.231013692692512e-22
2.2102151470955908e-18
3.9866238543009747
3.986623854301142
1.5624117209004884e-20
3.923389837823957e-20
1.4242152570322185e-19
9.102512937415514e-20
4.2820964408486265e-16
8.51422788759324e-23
3.760774089288035e-18
7.051623440947066e-23
2.1950645717412367e-19
3.5994372084304047e-19
3.9866238543009516
3.9866238543016137
2.6445222243758e-21
3.200665797938324e-17
1.4995375793494875e-17
