1.0349608557466793e-27
2.07766240912584e-28
1.9094871248940354e-27
1.0261108224662311e-27
4.028219604897944e-27
6.111206825134026e-28
5.003596810397149e-28
1.342456371411501e-27
8.999054035825133e-28
5.275014265599753e-28
2.0086370799190013e-28
5.758684608113386e-28
4.471855256471611e-28
9.121204216617949e-30
3.986623854300931
8.296228273079788e-28
9.238547276269575e-28
3.9866238543009302
1.235602696608986e-27
4.52522662709047e-28
2.160800952965148e-27
1.639967866244619e-28
6.609545050104112e-28
9.011749766018534e-28
4.356977387148801e-28
