4.480428158420979e-05
-1.2514999703228114e-08
0.0001237218493539416
2.478007415385175e-05
1.0476668519388e-05
0.00018251709628164248
9.029875122124054e-05
9.165032217239855e-05
9.284642320596392e-05
-3.925723430775463e-07
9.983932284917535e-06
6.951661182785784e-05
0.00017542298766048958
0.00010752303854744127
-1.5383595993512245e-05
6.88780500359698e-05
8.391191904921769e-05
0.0004125214195749294
5.954989615375439e-05
3.2966615105545216e-05
3.427583020698677e-05
0.0002196164951762114
8.428149225370163e-05
7.505401119267674e-05
1.404370738811167e-05
