-0.0002839809171213403
-0.00028398091712045215
-0.0002839809170982477
-0.0002839809171186758
-0.00028398091711601126
-0.0002839809171213403
-0.00028398091712045215
-0.00028398091711956397
-0.0002839809171217844
-0.0002839809171222285
-0.0002839809171222285
-0.0002839809171213403
-0.0002839809171213403
-0.0002839809171026886
-0.00028398091711956397
-0.0002839809171177876
-0.0002839809171186758
-0.0002839809171213403
-0.0002839809171213403
-0.0002839809171213403
-0.0002839809171213403
-0.00028398091712045215
-0.0002839809171217844
-0.00028398091711157036
-0.0002839809171106822
