-0.0001345325230049932
-0.00013453454009426657
-0.00013453184015599362
-0.00013453450040579185
-0.00013453425462817137
-0.00013453440726030053
-0.00013453450172962178
-0.00013453344334468653
-0.00013453269108687493
-0.0001345344448462349
-0.00013453452963296808
-0.00013453420352727008
-0.00013453440257560345
-0.00013453422248810298
-0.0001345342133092231
-0.00013453455516954094
-0.0001345344453520525
-0.00013453451918366
-0.00013453232246973812
-0.00013453455173602358
-0.00013453437164612225
-0.0001345343931914572
-0.00013453455447409723
-0.0001345345172039103
-0.00013453425634057936
