6.521383433266692e-11
6.521383433266692e-11
6.521383433266692e-11
6.521383433266692e-11
6.521383433266692e-11
6.521383433266692e-11
6.521383433266692e-11
6.521383433266692e-11
6.521383433266692e-11
6.521383433266692e-11
6.521383433266692e-11
6.521383433266692e-11
6.521383433266692e-11
6.521383433266692e-11
6.521383433266692e-11
6.521383433266692e-11
6.521383433266692e-11
6.521383433266692e-11
6.521383433266692e-11
6.521383433266692e-11
6.521383433266692e-11
6.521383433266692e-11
6.521383433266692e-11
6.521383433266692e-11
6.521383433266692e-11
