4.632738637155853e-11
4.7563730731781106e-11
4.6640025175292976e-11
6.463096724473871e-11
4.6355808080988936e-11
4.723688107333146e-11
1.5208598824756336e-09
4.6341597226273734e-11
5.716316309190006e-11
4.632738637155853e-11
4.632738637155853e-11
6.536993168992922e-11
7.012246783233422e-09
4.935429842589656e-11
4.633449179891613e-11
4.6341597226273734e-11
4.645528406399535e-11
6.359357485052897e-11
7.155165349104209e-11
5.846345629834104e-11
4.6497916628140956e-11
4.633449179891613e-11
4.645528406399535e-11
4.6355808080988936e-11
2.127933385054348e-10
