1.1050585893494874e-52
5.033002128956174e-53
9.910199468426262e-55
7.42953674851227e-48
1.9977565252736403e-56
1.1888009866881907e-41
4.424000587041537e-47
5.709180876056852e-44
7.126891867889421e-56
2.6404173214664713e-50
8.320915088475684e-52
1.0372871612839203e-47
4.687758007635576e-46
1.070766573345899e-48
4.061367632342583e-51
3.31458977830448e-48
2.5396569726653167e-44
1.0146453648706916e-43
7.893603384100264e-46
3.759905957267733e-44
7.975790526559022e-48
1.670305657759569e-57
1.67720990022201e-46
6.008841499055415e-35
1.6471583474634575e-57
