-0.14074337646483548
-0.14066590160159154
-0.1407353560446519
-0.14067205091188933
-0.14068190573895384
-0.14056242968072105
-0.14064270900555692
-0.14062122912850236
-0.1407261441712176
-0.14064514133778439
-0.1405868252028945
-0.14065080540576963
-0.1406589259103977
-0.1406673473016734
-0.14066186523739727
-0.14068812360249888
-0.14043324023222514
-0.14061418950894788
-0.14057792140777692
-0.14065749204244965
-0.14069993080302054
-0.14061715508815917
-0.14063988226866941
-0.14051541891877117
-0.14068750139593428
