1.3812950783176348e-11
0.0009491352911368267
8.770634565280488e-06
4.1603698264225386e-10
4.918035756418249e-09
300.0091000340282
5.115907697472721e-13
1.2040516139677493e-08
1.144655925600091e-09
3.210118393326411e-09
5.106244316266384e-10
1.7053025658242404e-13
1.2676082405960187e-11
7.30851184016501e-08
4.150966844918003e-06
1.2931877790833823e-10
3.919643631888903e-08
5.132960723130964e-11
0.020378568615853965
8.964108417330863e-06
1.7053025658242404e-13
12.496537148220511
6.252776074688882e-13
5.518629109246831e-07
0.00766921791699815
