1.7436969157458293e-07
1.0307510400764386e-08
1.4560965825305416e-06
5.558747906420081e-10
9.497932440538648e-10
2.821327157565001e-06
2.3672274440666996e-07
3.845471108210319e-08
1.368926809686144e-07
7.468887730510687e-09
6.850707191530248e-07
3.872336621357775e-07
1.3875173232591465e-09
1.3308192325922619e-09
8.887594105111418e-09
5.212400400189665e-09
3.100053780347167e-08
8.384830607610638e-10
1.46264516731609e-06
1.1894894513808651e-08
3.5585265956150636e-08
4.64435911951e-09
8.31493072062095e-07
2.7957211323759168e-08
1.51883089438698e-08
