-1.000266536266281e-11
-1.0002443318057885e-11
-9.99822447056431e-12
-1.0002443318057885e-11
-1.0001999228848035e-11
-1.0002443318057885e-11
-1.0001999228848035e-11
-1.000266536266281e-11
-1.000266536266281e-11
-1.000266536266281e-11
-1.000266536266281e-11
-1.000266536266281e-11
2.210182279416273e-07
-1.0002443318057885e-11
-1.000222127345296e-11
-1.0002443318057885e-11
-1.000222127345296e-11
-1.000266536266281e-11
-1.000222127345296e-11
-1.000222127345296e-11
-1.000222127345296e-11
-1.000222127345296e-11
-1.000222127345296e-11
-1.000222127345296e-11
-1.0002443318057885e-11
