8.059330980358936e-11
7.977618565746525e-11
7.985789807207766e-11
7.979394922585925e-11
7.979394922585925e-11
7.980460736689565e-11
7.977618565746525e-11
7.988987249518686e-11
7.979039651218045e-11
7.978329108482285e-11
7.977618565746525e-11
7.977618565746525e-11
7.979750193953805e-11
7.979394922585925e-11
7.981881822161085e-11
7.980816008057445e-11
7.977973837114405e-11
7.977263294378645e-11
7.979750193953805e-11
8.023803843570931e-11
7.979394922585925e-11
7.996803219612048e-11
7.977618565746525e-11
7.978329108482285e-11
7.997513762347808e-11
