8.196412992766966e-11
8.196412992766966e-11
8.196412992766966e-11
8.196412992766966e-11
8.196412992766966e-11
8.196412992766966e-11
8.196412992766966e-11
8.196412992766966e-11
8.196412992766966e-11
8.196412992766966e-11
8.196412992766966e-11
8.196412992766966e-11
8.196412992766966e-11
8.196412992766966e-11
8.196412992766966e-11
8.196412992766966e-11
8.196412992766966e-11
8.196412992766966e-11
8.196412992766966e-11
8.196412992766966e-11
8.196412992766966e-11
8.196412992766966e-11
8.196412992766966e-11
8.196412992766966e-11
8.196412992766966e-11
