-4.8266355129555905e-05
-4.826633963261884e-05
-4.826638514643378e-05
-4.826637321997396e-05
-4.82663794123539e-05
-4.8266354376380605e-05
-4.8266387992157433e-05
-4.8266391829088207e-05
-4.826636616428459e-05
-4.8266386215800594e-05
-4.8266392223439425e-05
-4.826639241883868e-05
-4.8266392599138896e-05
-4.826638377153358e-05
-4.826638020283269e-05
-4.8266383888773134e-05
-4.826639214172701e-05
-4.826618289577311e-05
-4.826639056076942e-05
-4.826638756583179e-05
-4.8266383473105634e-05
-4.826638678423478e-05
-4.826638912192038e-05
-4.826631762711031e-05
-4.826639330346438e-05
