-0.0001028416965453971
-0.0001028416966768475
-0.00010284169666974208
-0.00010284169676033628
-0.00010284169674790178
-0.00010284169676211263
-0.00010284169673724364
-0.00010284169675145449
-0.00010284169675323085
-0.0001028416967550072
-0.00010284169676566535
-0.00010284169676211263
-0.00010284169675855992
-0.00010284169676566535
-0.00010284169673724364
-0.00010284169675855992
-0.00010284169674079635
-0.0001028416967265855
-0.00010284169675855992
-0.0001028416967550072
-0.00010284169675855992
-0.00010284169676566535
-0.00010284169673902
-0.00010284169675855992
-0.0001028416967550072
