-1.7112945092989662e-05
-1.6999246334137297e-05
-1.7136835209541346e-05
-1.7079245086648598e-05
-1.70770915595142e-05
-1.694500365445606e-05
-1.7141665715314502e-05
-1.698972442198965e-05
-1.7021348536871983e-05
-1.7060982120398194e-05
-1.7104653085908694e-05
-1.713677817249959e-05
-1.6999523396066252e-05
-1.7084108087317418e-05
-1.7178836797526742e-05
-1.691379954849026e-05
-1.7004836340817064e-05
-1.7108267588383796e-05
-1.7129739898535945e-05
-1.6970984752617824e-05
-1.714273541963962e-05
-1.7154684236686535e-05
-1.7165382267592122e-05
-1.706422861325052e-05
-1.7075184949533195e-05
