-0.16881491626533196
-0.12041588290245808
-0.16881941344960105
-0.1688191046302796
-0.1688023781545488
-0.16881940221649816
-0.16881938012335673
-0.1688177445595861
-0.168819048726759
-0.1474646908972832
-0.1688194023009566
-0.16881799325724156
-0.16881783657276994
-0.16881886651141775
-0.16880724609739373
-0.1688035794904883
-0.16881941080473506
-0.1688193907243466
-0.1688194176631055
-0.16880222477536866
-0.09219441578912324
-0.16881853874465136
-0.16881937107518852
-0.16881941707173131
-0.16881937301566452
