0.00015794860585050766
0.0002754703188613012
1.1813749593977423e-05
0.005033130714807604
1.797095017455999e-23
27.747252752688887
0.099604997371454
1.3522428971004397e-05
0.24353613305185526
4.616939177988622e-05
0.0015665684905743766
9.704286507758638e-07
4.0584605479900865e-21
0.727025892949548
0.31108610331037206
1.007217615211612e-29
2.5478248631391896e-08
6.212599633274254e-09
9.857414972989524e-11
0.12504673805223548
0.000903620938897576
0.2618514005260105
1.741187578480669e-13
2.986246298673134e-20
0.0
