5.49470029339784e-24
99.23858681703337
1.5029382896651375e-25
99.27821710394761
99.24297333532702
3.717586542894026e-24
1.6670622801105663e-25
5.050859439381203e-26
99.25369526293156
1.2659129512588733e-24
99.23645190486677
7.235168077543388e-25
3.9866238543009316
9.602981292959051e-26
6.285865559930615e-26
1.4949510729997747e-25
8.05096155688526e-26
99.23768758221487
3.2955281613174964e-12
99.23707887339269
99.23621244967296
2.3792459053440957e-25
2.236734238511394e-25
99.24419463379974
2.972357509688885e-25
