6.654830596444456e-27
1.2318814918076388e-26
81.65476112964606
4.004257954901856e-27
1.4764517917342762e-26
3.388019537265832e-26
3.9866238543009307
5.837570698635487e-28
5.566202547239459e-27
9.433950587683148e-27
4.834455171556449e-26
4.884626725128505e-27
3.60982750229135e-27
6.3235090162516306e-27
5.3800313736073005e-27
2.17991308054639e-25
1.4846362236259442e-26
1.948742815690096e-26
3.9262359135900046e-26
80.78483962325156
3.805292443463144e-26
80.5937114114869
0.0
1.1800767496427421e-26
5.837570698635487e-28
