0.01085526501870282
0.010855265018702598
0.01085526501870282
0.01085526501870282
0.01085526501870282
0.01085526501870282
0.010855265018702598
0.01085526501870282
0.01085526501870282
0.010341844241394504
0.010855265018702598
0.10186099271061488
0.01085526501870282
0.01085526501870282
0.01085526501870282
0.01085526501870282
0.01085526501870282
0.010855265018702598
0.010341844241394504
0.010855265018702598
0.010855265018702598
0.010855265018702598
0.01085526501870282
0.010855265018702598
0.010855265018702598
