2.555499247356471e-19
6.655335505416694e-19
4.0458620608723603e-19
9.263983313645386e-21
1.325861445488503e-19
2.195725455516325e-18
2.6823198028479098e-19
1.0363428569082649e-18
2.8835698778561376e-19
1.7989574958528744e-19
6.173351076999473e-19
9.668376213378724e-19
1.4945763902485136e-19
7.823252430700323e-19
3.321441781459669e-19
3.495899511673486e-19
2.213944257618331e-19
5.582475356603322e-19
6.025102700812521e-19
5.765457118226781e-18
4.168250714993273e-19
1.7872209335485665e-18
2.1050955014217288e-19
8.026768531261536e-18
6.214633963294292e-20
