4.600045153570025e-29
2.391234618951192e-29
4.600045153570025e-29
8.440811685864826e-29
2.524354896707238e-29
2.524354896707238e-29
4.3350371932223414e-29
4.600045153570025e-29
9.964299309072905e-29
1.262177448353619e-29
9.610544496887858e-29
5.350695608694394e-29
3.457429436163966e-29
1.4452178302681818e-28
2.0756902568627873e-29
4.0194928311339367e-29
4.812051521848172e-29
9.150786500563737e-29
6.22830336575277e-29
9.225974805592615e-29
4.7196068845175847e-29
6.409494854920721e-29
4.600045153570025e-29
1.4381920378310571e-28
9.699291348725222e-29
