4.593265880165782e-28
1.4181253885544977e-27
6.885892885964348e-28
9.71630116199405e-28
1.003431071441127e-27
8.584902060584102e-28
6.453991540355844e-28
5.318401615386909e-28
9.073995821821129e-28
7.011001295151742e-28
1.0730603722785254e-27
3.6495910222951466e-28
9.511197326636587e-28
5.89784460217503e-28
6.237917608035151e-28
1.181923177199025e-27
5.21942422368496e-28
9.185422424683597e-28
1.1703860864601677e-27
8.800852733388354e-28
1.936961671108686e-27
3.881195653687378e-28
7.282665269387228e-28
5.996821993876979e-28
7.748709501049829e-28
