7.420222889735142e-30
3.986579112347137
6.175301773683233e-30
7.469526696311456e-30
9.25678968470281e-30
6.175301773683233e-30
7.469526696311456e-30
3.9865791123471364
9.25678968470281e-30
6.175301773683233e-30
7.65441597097263e-30
6.175301773683233e-30
1.2141062369417135e-29
6.175301773683233e-30
3.986579112347137
6.175301773683233e-30
7.65441597097263e-30
7.420222889735142e-30
1.4248800100554526e-29
3.9865791123471364
7.65441597097263e-30
3.986579112347137
2.0226886647932506e-29
9.25678968470281e-30
1.2141062369417135e-29
