0.010855267881609953
0.22715838094281648
0.010341846707378366
0.010855268899878201
0.10186119449406417
0.08196210909000623
0.7154089966341606
0.4296648660007817
0.010855268265313356
0.010855273543183941
0.010855265333902131
0.43148477299516874
0.010855265028093197
0.01085526548618998
0.010855270062108069
0.0108552719781837
0.01085526600479969
0.2271621726351809
0.010855267170258753
0.010855265424425053
0.010866006001849171
0.010855270593737365
0.22721553691720664
0.010855272849547792
0.7082149791211549
