6.977367247445497e-13
2.608784020526887e-17
5.460645530012122e-09
6.653064234659242e-22
4.825274430558656e-12
9.824372320469365e-09
5.664030710624319e-14
8.326551403117262e-08
1.369076409914646e-13
1.8189641955459884e-16
4.4448275617797806e-10
5.731403162092269e-15
5.614397435897964e-13
1.7886171284239697e-14
5.661738928742168e-14
2.31237570164048e-13
1.1526667506676663e-14
3.1669579410492386e-14
4.139436124285435e-13
1.2506686271630162e-13
1.6848124284314113e-12
6.987066741171182e-13
5.758707734275235e-09
1.579068871576709e-13
1.0204500863737084e-12
