4.458135850633243e-19
1.2444386416789685e-18
3.980521113470263e-19
2.8969100472683206e-19
3.118344410285592e-19
2.077840878182438e-19
1.4938952571142995e-18
9.724240674283113e-20
1.3354732262099318e-20
2.49248365732023e-17
8.37305449576486e-20
3.6148258113030045e-20
2.491663267831292e-19
1.1865178524168045e-18
2.9312495416690304e-19
1.684777157596095e-19
2.467169934764036e-18
2.798418365491253e-20
1.7455431712307916e-19
2.186639767982159e-18
1.8948210002064172e-19
3.745345358171385e-19
3.667589097664075e-19
5.25259047205253e-19
7.773058689307944e-19
