5.0351512466059894e-29
2.757315382780318e-29
3.337867705216406e-29
5.89303748103384e-29
7.875050505401632e-29
3.457429436163966e-29
1.0083861040020465e-28
3.388404106957127e-29
1.2292671574639298e-28
1.2923760298816107e-28
1.495137934426699e-29
5.439442460531758e-29
1.0488152253946234e-28
1.1795935723382942e-29
3.155443620884047e-29
8.101848015652673e-29
6.297328694959608e-29
3.4081256295876526e-29
3.703948469045532e-29
0.0
3.092581267499248e-29
1.9721522630525295e-29
2.441771020691913e-29
3.5461762880013296e-29
2.706778981039597e-29
