7.9173285195408205e-28
5.669937756276022e-28
7.026778513256163e-28
1.0737506255705938e-27
8.601665354820048e-28
6.103318216081816e-28
7.74414889894152e-28
4.455091962235664e-28
5.925454733857766e-28
7.864080408438402e-28
4.360428653609143e-28
7.9360639660398195e-28
4.068550118677368e-28
6.797146034126984e-28
1.2035182444794502e-27
1.3818008090593989e-27
1.5527864102660532e-27
6.223249725578698e-28
1.3307220654463384e-27
5.992507910801552e-28
1.2452292648430112e-27
5.669444718210259e-28
6.118725655636914e-28
1.9777852229538733e-27
6.0875409979773955e-28
