4.2130697093482794e-14
3.9866238543013077
6.851145112136818e-19
4.524829472602546e-24
5.938829312312937e-15
1.7686469173769444e-13
1.3640904819645685e-18
6.343959451191499e-15
3.244161427994837e-17
2.6258585955600334e-13
1.056377606681751e-14
3.986623854303484
3.632834633533127e-14
3.986623854301048
1.437201375223623e-18
3.9866238543010133
2.7687695670567043e-15
5.4343285087129504e-14
3.50974865881766e-17
6.869027814449957e-18
3.9866238543009973
5.973928634109883e-25
1.342118137025136e-13
7.074930885889674e-15
3.666446358026053e-12
