3.9774613360276297e-28
3.986623854300931
6.259488023412288e-28
1.0057606763018578e-27
1.0826622886092624e-27
1.811816284066359e-27
3.9866238543009325
3.9866238543009325
1.0208353151625656e-27
1.9109662390913248e-27
3.9866238543009302
2.987933938041023e-28
5.460396578326691e-28
3.9866238543009302
7.196876645944443e-28
1.2222536909784492e-27
2.2433848289804727e-27
8.724431833195068e-28
1.8937222327412592e-27
5.408134543355799e-28
9.456839879886201e-28
1.5451319942950806e-27
9.036771447856013e-28
9.005956568745817e-28
1.8931305870623435e-27
