0.0002662585054427069
0.0002226987369695621
0.00032152977588384424
0.00046032651135341496
0.0003132776909229307
0.0002601778498645402
0.0003281178853313804
0.0003954260086675987
0.000305014641797996
0.000504716919585313
0.00021632359951384572
7.252873104113267e-05
0.00020784809621732236
0.00019383728138988587
0.0003077568842400069
0.0003147428310326106
0.0001587039739838758
0.0002218312206174744
0.0002706030166501616
0.00041026832796120516
0.0003204083347876363
0.00030883865744524286
0.00024466037016424025
0.00019602805034946158
0.00023894127266110843
