-0.00028398091711245854
-0.00028398091711689943
-0.00028398091712089624
-0.00028398091712045215
-0.00028398091712089624
-0.00028398091711290263
-0.0002839809171142349
-0.00028398091711689943
-0.00028398091711689943
-0.0002839809171142349
-0.0002839809171177876
-0.000283980917119786
-0.00028398091711956397
-0.00028398091711601126
-0.000283980917035187
-0.0002839809171171215
-0.0002839809170982477
-0.0002839809171177876
-0.00028398091711689943
-0.0002839809171106822
-0.00028398091712045215
-0.00028398091710712947
-0.0002839809171151231
-0.00028398091705383877
-0.0002839809171177876
