-0.00013453076041614054
-0.00013452673736136234
-0.0001345141096013025
-0.00013449992184533244
-0.00013453003970465005
-0.00013453003361263427
-0.000134530921542364
-0.00013453292032750142
-0.0001345308694258307
-0.00013453152995168693
-0.00013451051249235846
-0.00013453052500977947
-0.00013451084405424751
-0.00013441669082325802
-0.00013447758368156926
-0.00013453064518031965
-0.00013451942650866133
-0.00013452771950328568
-0.00013452091629684304
-0.0001345330775306408
-0.00013447802540955678
-0.00013452869150398783
-0.00013450394772884788
-0.00013452627160859265
-0.00013453243263050751
