1.9251274352427572e-08
6.366462912410498e-11
6.45741238258779e-11
4.371941031422466e-09
6.275513442233205e-11
6.275513442233205e-11
6.275513442233205e-11
1.431544660590589e-09
6.275513442233205e-11
6.730260793119669e-11
6.639311322942376e-11
6.275513442233205e-11
6.275513442233205e-11
6.275513442233205e-11
6.275513442233205e-11
3.3287506084889174e-10
6.275513442233205e-11
1.77351466845721e-10
6.366462912410498e-11
6.275513442233205e-11
9.00399754755199e-11
6.036407285137102e-08
6.366462912410498e-11
6.366462912410498e-11
6.275513442233205e-11
