1.5561218980053582e-11
1.5561218980053582e-11
1.5561218980053582e-11
1.5561218980053582e-11
1.5561218980053582e-11
1.5561218980053582e-11
1.5561218980053582e-11
1.5561218980053582e-11
1.5561218980053582e-11
1.5561218980053582e-11
1.5561218980053582e-11
1.5561218980053582e-11
1.5561218980053582e-11
1.5561218980053582e-11
1.5561218980053582e-11
1.5561218980053582e-11
1.5561218980053582e-11
1.5561218980053582e-11
1.5561218980053582e-11
1.5561330002356044e-11
1.5561218980053582e-11
1.5561218980053582e-11
1.5561330002356044e-11
1.5561218980053582e-11
1.5561218980053582e-11
