4.6341597226273734e-11
4.633449179891613e-11
4.6341597226273734e-11
4.632738637155853e-11
6.419043074856745e-11
4.7762682697793934e-11
4.632738637155853e-11
4.632738637155853e-11
4.632738637155853e-11
4.666844688472338e-11
4.652633833757136e-11
4.736477876576828e-11
4.632738637155853e-11
4.632738637155853e-11
4.6426862354564946e-11
4.6696868594153784e-11
4.633449179891613e-11
4.6554760047001764e-11
1.0496350455468928e-09
4.632738637155853e-11
4.632738637155853e-11
4.632738637155853e-11
4.638422979041934e-11
4.6341597226273734e-11
4.633449179891613e-11
