-0.14064784147264156
-0.14008690771555482
-0.14071934428854357
-0.14065233682613545
-0.14068858222390995
-0.14071982735414995
-0.1406010727876191
-0.14068110694824087
-0.1406978283957579
-0.13952762952638925
-0.14036933220140474
-0.14068681478280343
-0.14073491691678014
-0.1405917103140209
-0.14071864650832053
-0.14060001345739354
-0.1407385644619985
-0.14069469038742607
-0.14071268892401878
-0.1406817008921451
-0.14064489429980429
-0.14063572604926436
-0.13985290931171238
-0.14073938686619558
-0.1404166909299312
