1.9611213327385168e-55
1.0267849112830567e-48
1.6159065674350078e-61
1.708329550743167e-64
4.508798549955866e-51
6.734351115648624e-62
2.5648330120362056e-61
8.524608078919536e-59
4.684699096136778e-69
2.865756476953201e-44
1.4819524796645826e-55
2.2595872383480916e-54
3.465110727819443e-54
7.79934489071875e-66
6.72361409527361e-58
1.2782249646329715e-60
1.1237835126099382e-59
6.012065546364826e-70
3.6816752560831294e-60
1.9595582339114687e-78
2.6583272992762384e-54
2.4888080946121086e-48
4.398193217504446e-53
4.191243328309074e-68
1.0712506243689489e-52
