-2.9396574063866865e-10
-2.6707880351750646e-10
-2.4803625819913577e-10
-3.795719294430455e-10
-3.9031533560773823e-10
-3.5271341403131373e-10
-3.978186668973649e-10
-3.142872628814075e-10
-3.758486855076626e-10
-3.6715164242195897e-10
-3.2079583434097003e-10
-3.333298081997782e-10
-2.8600766199815553e-10
-3.779234702960821e-10
-3.4373215385130607e-10
-3.709317297762027e-10
-3.5984726309834514e-10
-3.525144620653009e-10
-3.8133407542773057e-10
-3.508944246277679e-10
-3.417994776100386e-10
-2.623607997520594e-10
-3.560955974535318e-10
-3.688001015689224e-10
-3.652189661806915e-10
