3.979039320256561e-13
5.684341886080802e-14
1.7053025658242404e-13
5.684341886080802e-14
-1.7053025658242404e-13
2.8421709430404007e-13
1.7053025658242404e-13
-5.684341886080802e-14
-5.684341886080802e-14
-5.684341886080802e-14
300.0085000000008
3.979039320256561e-13
1.7053025658242404e-13
1.0800249583553523e-12
300.0085000000039
3.979039320256561e-13
2.3305801732931286e-12
3.979039320256561e-13
3.979039320256561e-13
5.684341886080802e-14
1.7053025658242404e-13
5.684341886080802e-14
1.7905676941154525e-11
1.5631940186722204e-11
6.252776074688882e-13
