1.4386470903460236e-08
1.1148728451537693e-07
1.0414594017738033e-05
1.1067124439101406e-08
2.1676939243597815e-08
2.9601662165923415e-07
2.7265579771729165e-07
3.8182262840358305e-07
1.1510160813354986e-07
1.2542458849296168e-08
3.895185520796929e-07
1.0564933582424274e-06
4.198699321555921e-08
8.979740895309618e-08
1.2185543907250462e-08
7.796945422633428e-09
1.3930810149886952e-07
2.7430692828289693e-07
2.997226767886829e-07
5.753092779947622e-09
6.460747470349304e-08
2.6433658539826155e-07
1.8244289978763817e-07
5.779476230927116e-09
4.0986662952491315e-09
