1.1499245999857521e-11
3.3995828374600023e-10
-1.000266536266281e-11
-1.0001999228848035e-11
-1.000133309503326e-11
-1.000266536266281e-11
-1.000266536266281e-11
-1.0002443318057885e-11
-1.000222127345296e-11
-1.0002443318057885e-11
-1.0002443318057885e-11
-1.000266536266281e-11
-1.000222127345296e-11
-1.0002443318057885e-11
-1.0002443318057885e-11
-1.0002443318057885e-11
-1.0002443318057885e-11
-1.0002443318057885e-11
3.7696944942933186e-05
-1.0002443318057885e-11
-1.000222127345296e-11
-1.0000666961218485e-11
-1.000222127345296e-11
-1.000266536266281e-11
3.6929930780083e-07
