-1.8189894035458565e-12
-1.8189894035458565e-12
-1.8189894035458565e-12
-1.8189894035458565e-12
-1.8189894035458565e-12
-1.8189894035458565e-12
-1.8189894035458565e-12
-1.8189894035458565e-12
-1.8189894035458565e-12
-1.8189894035458565e-12
-1.8189894035458565e-12
-1.8189894035458565e-12
-1.8189894035458565e-12
-1.8189894035458565e-12
-1.8189894035458565e-12
-1.8189894035458565e-12
-2.7284841053187847e-12
-1.8189894035458565e-12
-1.8189894035458565e-12
-1.8189894035458565e-12
-1.8189894035458565e-12
-1.8189894035458565e-12
-1.8189894035458565e-12
-1.8189894035458565e-12
-1.8189894035458565e-12
