6.275513442233205e-11
6.275513442233205e-11
6.275513442233205e-11
6.45741238258779e-11
6.45741238258779e-11
6.275513442233205e-11
6.366462912410498e-11
6.275513442233205e-11
6.275513442233205e-11
6.45741238258779e-11
6.275513442233205e-11
0.0020832343197980663
2.929482434410602e-09
6.275513442233205e-11
6.45741238258779e-11
6.275513442233205e-11
6.45741238258779e-11
6.275513442233205e-11
6.275513442233205e-11
6.639311322942376e-11
6.275513442233205e-11
7.275957614183426e-11
4.497551344684325e-07
6.366462912410498e-11
6.275513442233205e-11
