4.1897804670121275e-11
4.1897804670121275e-11
4.1897804670121275e-11
4.189777691454566e-11
4.1897804670121275e-11
4.189777691454566e-11
4.199240261071324e-11
4.1897804670121275e-11
4.1897804670121275e-11
4.189777691454566e-11
4.1897804670121275e-11
4.1897804670121275e-11
0.0009884631250191359
4.1897804670121275e-11
4.189777691454566e-11
4.189777691454566e-11
4.1897804670121275e-11
4.1897804670121275e-11
4.18978532423786e-11
4.1897804670121275e-11
4.1897804670121275e-11
4.1897804670121275e-11
4.189813773702866e-11
4.1897804670121275e-11
4.189777691454566e-11
