4.636291350834654e-11
4.632738637155853e-11
4.632738637155853e-11
4.637001893570414e-11
4.632738637155853e-11
4.632738637155853e-11
4.632738637155853e-11
4.632738637155853e-11
4.6341597226273734e-11
4.632738637155853e-11
5.022116056352388e-11
4.632738637155853e-11
4.633449179891613e-11
4.632738637155853e-11
4.632738637155853e-11
7.041478511382593e-11
4.810374321095878e-11
4.6348702653631335e-11
4.632738637155853e-11
4.632028094420093e-11
5.0178527999378275e-11
4.632738637155853e-11
6.178879630169831e-11
4.640554607249214e-11
4.632738637155853e-11
