7.956837663649043e-47
4.398140246564172e-49
1.1588613032153087e-51
6.722653547120233e-50
2.983362884425532e-42
1.6993610673960543e-51
1.808634699437668e-43
1.187126002020121e-55
7.128684307066114e-48
5.860488712124571e-56
5.337938827372832e-50
1.9379896747377864e-38
7.730525710748806e-49
1.2418978493526778e-50
4.156871450437801e-40
1.1046828759807772e-46
6.014419437586121e-47
1.08691878026855e-43
5.981830399348709e-55
2.218471427425174e-59
2.7863378535674838e-42
8.148022830879243e-47
4.824970094113462e-40
8.278226038918719e-43
1.6250024406245236e-53
