-0.1406410751565895
-0.14066419285600146
-0.1407259585201096
-0.14068988962524642
-0.14028647771437758
-0.14072043137344992
-0.14049174899149539
-0.140721535881614
-0.14068358927491897
-0.1407271749859171
-0.14064067672280878
-0.1389887281902842
-0.1406271265672424
-0.14063747255309678
-0.14046899534646728
-0.14065513984077166
-0.1406753969747872
-0.14071737875089305
-0.14064845208822077
-0.14061102075433707
-0.14064479121237433
-0.14031935398835121
-0.14071068418807137
-0.14068185427239685
-0.1406642146616
