-2.2359358808898833e-10
-2.7770852284447756e-10
-3.7073277781018987e-10
-3.7468339542101603e-10
-3.6899905353493523e-10
-2.518163455533795e-10
-2.9882585295126773e-10
-3.836362338915933e-10
-3.2875391298148315e-10
-3.115303570666583e-10
-3.849436325253919e-10
-3.2787283998914063e-10
-3.198863396391971e-10
-2.958699951705057e-10
-3.580851171136601e-10
-4.1390535443497356e-10
-4.0674308365851175e-10
-3.341540377732599e-10
-3.510649548843503e-10
-3.099103196291253e-10
-3.334434950374998e-10
-3.339835075166775e-10
-3.091429334745044e-10
-3.370246304257307e-10
-3.240359092160361e-10
