3.126388037344441e-12
3.979039320256561e-13
5.115907697472721e-13
2.1032064978498966e-12
-5.684341886080802e-14
3.979039320256561e-13
1.7053025658242404e-13
2.8421709430404007e-13
-5.684341886080802e-14
-5.684341886080802e-14
3.979039320256561e-13
3.979039320256561e-13
-5.684341886080802e-14
2.8421709430404007e-13
1.7053025658242404e-13
6.252776074688882e-13
1.0800249583553523e-12
5.684341886080802e-14
-1.7053025658242404e-13
1.7053025658242404e-13
1.7053025658242404e-13
3.871036824421026e-11
5.684341886080802e-14
-5.684341886080802e-14
5.684341886080802e-14
