1.1310318077661918e-06
2.784901166341669e-07
4.252132712601053e-08
1.2664473514334418e-07
3.946600379833853e-09
5.451201257056226e-08
4.4287571454582064e-07
8.019340747011938e-10
2.169816815111858e-08
1.552129536008806e-10
5.557972582170834e-08
5.254030543966337e-10
5.658743607028782e-08
4.596015124036512e-09
0.011011094324534287
2.580936575569126e-10
3.3661706755339083e-09
5.50149047429116e-08
8.613032509430241e-11
5.987949319607999e-06
1.4680126003696614e-09
1.7356474169005764e-07
2.3742023347317343e-08
9.646332843615824e-09
4.010871390569548e-08
