-1.0002443318057885e-11
-1.000222127345296e-11
-1.000266536266281e-11
-1.000133309503326e-11
-1.0002443318057885e-11
-1.0002443318057885e-11
-9.918510457396224e-12
-1.0002443318057885e-11
-1.0002443318057885e-11
-1.000266536266281e-11
-1.0002443318057885e-11
-1.000266536266281e-11
-9.991341087811634e-12
-1.0001999228848035e-11
-1.000266536266281e-11
-1.000222127345296e-11
-1.000266536266281e-11
-1.0002443318057885e-11
-1.000266536266281e-11
-1.0002443318057885e-11
-1.0001999228848035e-11
0.0007398650407620666
-9.99733629214461e-12
-1.0000222872008635e-11
-1.0002443318057885e-11
