7.639755494892597e-11
7.639755494892597e-11
7.639755494892597e-11
7.639755494892597e-11
7.639755494892597e-11
7.639755494892597e-11
7.639755494892597e-11
7.639755494892597e-11
7.639755494892597e-11
7.639755494892597e-11
7.639755494892597e-11
7.639755494892597e-11
7.639755494892597e-11
7.639755494892597e-11
7.639755494892597e-11
7.639755494892597e-11
7.639755494892597e-11
7.639755494892597e-11
7.639755494892597e-11
7.639755494892597e-11
7.639755494892597e-11
7.639755494892597e-11
7.639755494892597e-11
7.639755494892597e-11
7.639755494892597e-11
