3.3651303965598345e-11
3.3651303965598345e-11
3.3651303965598345e-11
3.3651303965598345e-11
3.3651303965598345e-11
3.3651303965598345e-11
3.3651303965598345e-11
3.3651303965598345e-11
3.3651303965598345e-11
3.3651303965598345e-11
3.3651303965598345e-11
3.3651303965598345e-11
3.3651303965598345e-11
3.3651303965598345e-11
3.3651303965598345e-11
3.3651303965598345e-11
3.3651303965598345e-11
3.3651303965598345e-11
3.3651303965598345e-11
3.3651303965598345e-11
3.3651303965598345e-11
3.3651303965598345e-11
3.3651303965598345e-11
3.3651303965598345e-11
3.3651303965598345e-11
