-0.00010284156611817252
-0.00010284169149699096
-0.00010284163263118984
-0.00010284167705698621
-0.00010284169465890614
-0.00010284165642815424
-0.00010284156130424549
-0.00010283932761001591
-0.00010284130877913356
-0.0001028416909889529
-0.00010284117729852937
-0.00010284161069140652
-0.00010284158237716667
-0.00010284158242868102
-0.00010284052500253438
-0.00010284160858020641
-0.00010284161885465437
-0.0001028416720814107
-0.00010284163269602686
-0.00010284116929426546
-0.00010284166848606446
-0.00010283804650157435
-0.00010284165152185665
-0.00010284157236117863
-0.00010284168688379225
