-1.682439471295538e-05
-1.694439600719022e-05
-1.6964165048705127e-05
-1.693209168607268e-05
-1.710507789454141e-05
-1.7035853272062695e-05
-1.6952821454196965e-05
-1.695416012559292e-05
-1.6967847535909186e-05
-1.7056245319224672e-05
-1.669906102819141e-05
-1.6941051331542667e-05
-1.7008716548971847e-05
-1.6999779518300784e-05
-1.698687477613703e-05
-1.7058023928484545e-05
-1.6971252577491214e-05
-1.6977090023573282e-05
-1.6890607177799666e-05
-1.6518442013335743e-05
-1.6738528870519076e-05
-1.7029147223013297e-05
-1.705423461828559e-05
-1.6892231752052567e-05
-1.6710967230437745e-05
