-4.825807295549822e-05
-4.823631796746497e-05
-4.82582570882073e-05
-4.8256441539606953e-05
-4.824157349681002e-05
-4.8117825255600266e-05
-4.826100144939005e-05
-4.826014673398049e-05
-4.82598972979531e-05
-4.824837390060566e-05
-4.826395922608029e-05
-4.824444110340664e-05
-4.825110189443649e-05
-4.8262402176479924e-05
-4.8253098945849615e-05
-4.825715329204172e-05
-4.8262497113427116e-05
-4.8238903939790134e-05
-4.826314472339277e-05
-4.823842048651272e-05
-4.8259888938417816e-05
-4.825633585880951e-05
-4.824018233762217e-05
-4.8258425527691884e-05
-4.8254095034394595e-05
