-0.0005096471914356471
-0.0005096471914356471
-0.0005096471914356471
-0.0005096471914356471
-0.0005096471914356471
-0.0005096471914356471
-0.0005096471914320944
-0.0005096471914356471
-0.0005096471914320944
-0.0005096471914338707
-0.000509647191430318
-0.0005096471914356471
-0.0005096471914356471
-0.0005096471914356471
-0.0005096471914356471
-0.0005096471914356471
-0.0005096471914356471
-0.0005096471914320944
-0.0005096471914356471
-0.0005096471914356471
-0.0005096471914356471
-0.0005096471914356471
-0.0005096471914356471
-0.0005096471914356471
-0.0005096471914356471
