-0.14278229856514957
-26.200279638698582
-0.6750854951920985
-0.16881066659626165
-0.10066038284956136
-0.10246512378599282
-0.16881279570311336
-0.09195491325279093
-0.14277358762536552
-0.1688051960028939
-0.1687497539858801
-0.14317602736312995
-0.09192498737877441
1.024429978170712
-0.10065437304697777
-0.12040425216281425
-0.16881454137386276
-0.12559402031658218
-0.8772414055816399
-0.16881928228918286
-0.1688115749804544
-0.16881511743256705
-0.1024565415371872
-0.7030295832919647
-0.0881792925324898
