1.0645046827233378e-25
1.0671680743545902e-25
5.376170885552375e-26
7.930355817833447e-26
3.9866238543009302
1.0509914954169018e-25
1.7863962274717433e-25
3.27381219971246e-26
2.890870027072301e-25
1.3349810391919651e-24
2.193354819734564e-22
1.2006625680025502e-25
7.353465535630814e-26
4.430168888011338e-26
8.436098241956131e-26
9.835395739374299e-26
1.331220526930825e-25
9.472233477397603e-24
1.140089390357089e-25
1.5274832036930235e-25
1.3415364240105451e-24
1.940854206637886e-26
9.775722109679822e-26
1.4013566708998278e-25
3.3088775599876e-25
