0.14110137036485582
0.03434280222949071
0.2656972150548791
0.03153865334080641
0.14111558500901644
0.03160981619428427
0.057246777513417446
0.22203039800772362
0.030855482968054848
0.059037937138538776
0.030855482968054848
0.030855482968054848
0.036360492392064514
0.11684967075409214
0.030855482968054848
0.051686426077926395
0.14148389832443065
0.14108637626360288
0.0478318175868756
0.08260705101185462
0.030808780186770024
0.14110922734769338
0.053975321476724014
0.07616131509494461
0.2222558785973502
