4.9061627339379e-20
7.704081713030154e-19
1.1207723013036286e-19
4.1499127343409255e-18
2.48621541367418e-18
5.663699200332959e-19
1.51437831359766e-20
1.0156834106712133e-19
3.355984086798792e-19
8.753597349438932e-19
4.906334879232677e-19
4.09241900759086e-19
6.380090138767438e-20
3.4285435333170468e-19
2.082161640319471e-18
3.636338082469688e-19
5.147492515478933e-20
5.561352602221349e-19
1.9750764377322886e-19
7.374147238923084e-20
3.1285572519799393e-18
2.021494731731019e-17
2.90704927473061e-18
4.375405260363639e-19
8.147020501079776e-19
