1.2486189015451327e-29
3.141885074075561e-29
1.262177448353619e-29
1.0255191767873153e-29
1.2306230121447784e-28
1.0965166582572064e-28
9.33074539456728e-30
7.559506143313227e-29
4.966125917399151e-29
5.048709793414476e-29
1.495137934426699e-29
2.441771020691913e-29
9.466330862652142e-29
6.22830336575277e-29
4.259848888193464e-29
3.457429436163966e-29
4.417621069237666e-29
6.208581843122244e-29
3.053138222238197e-29
1.1795935723382942e-29
2.757315382780318e-29
9.466330862652142e-30
1.397886175954921e-28
5.350695608694394e-29
4.600045153570025e-29
