5.844596491072612e-28
8.768312221047987e-28
9.810594692071249e-28
6.2216473518649675e-28
3.4216841763961387e-28
4.5765025859298355e-28
6.409618114437162e-28
5.923482581594713e-28
1.008164236872453e-27
1.2865458547539617e-27
3.8763885325461875e-28
1.1170270417929527e-27
9.282427664122493e-28
1.1091507586923867e-27
8.936931239538978e-28
9.30855868160794e-28
7.4814828694062115e-28
1.5014981254750433e-27
7.429097574918879e-28
1.1521436780269318e-27
4.975247121615769e-28
7.011001295151742e-28
4.6248203163746225e-28
8.769668075728836e-28
6.008285128905972e-28
