8.763751618939678e-30
6.175301773683233e-30
1.4248800100554526e-29
6.175301773683233e-30
9.25678968470281e-30
1.0242865816229075e-29
9.25678968470281e-30
9.25678968470281e-30
1.2141062369417135e-29
6.175301773683233e-30
6.175301773683233e-30
6.175301773683233e-30
1.5296505990301182e-29
1.318876825916379e-29
7.65441597097263e-30
6.175301773683233e-30
6.175301773683233e-30
6.175301773683233e-30
6.175301773683233e-30
1.2141062369417135e-29
1.064962222048366e-29
6.175301773683233e-30
6.175301773683233e-30
1.035379938102578e-29
1.5296505990301182e-29
