1.7172791736436844e-58
1.0167079373069005e-84
1.5706571056756824
1.874528971351285e-74
1.0384941518915995e-68
1.7948314156644269e-71
3.985817153914247e-73
8.503587505741135e-85
5.636422650813477e-89
2.740920863800286e-86
1.183337572852512e-79
2.8553826032249154e-79
2.1363681397398648e-78
3.099639124371067e-67
5.216651979976278e-81
1.3644060629861275e-81
3.1704790444807973e-72
7.37682661552846e-77
4.105220111439565e-74
4.9264247306059556e-70
1.2152905717335398e-75
8.54302399593326e-82
2.149041282611539e-73
6.262005886348533e-79
3.9588353858460666e-52
