0.010855269159006031
0.010855271144237566
0.010855371899636257
0.010855290261957307
0.01085530318989314
0.010855277123755669
0.010855302468167571
0.010855278183377837
0.010341850072308256
0.10186114264370005
0.01085528825520754
0.010855287370941658
0.010855295769553353
0.010855294694196882
0.10186135717026079
0.010855277748961334
0.010341849675606585
0.0103418552824871
0.10186109876795246
0.22716677367751914
0.01085530100932719
0.2271845816225988
0.01085533763890112
0.010855272599161525
0.010855298714380401
