4.705994850685258e-11
2.5507191372679536e-14
2.4034299317758387e-10
1.2607486668716925e-11
3.3070618841926224e-15
8.123858537133696e-08
9.301261919716837e-13
2.314591747845911e-15
7.689493685750587e-09
1.7142356124858862e-07
2.2339917737471057e-13
4.7691222274359944e-11
2.9845524699840234e-13
5.778974007009319e-12
3.6670663279333294e-10
4.921548972701419e-13
1.3257589102723916e-07
6.564704455798844e-10
2.8866943508418015e-12
3.8653714010930765e-09
8.39330792839574e-12
5.0203133170825225e-15
4.111190880522005e-09
4.0692167489072437e-10
9.85262451359337e-10
