3.4322550804445117e-19
2.1661847377673784e-18
3.890831277072127e-18
9.66551376275848e-20
2.1289862566010472e-19
1.3499596588342808e-18
1.1513679684431126e-19
3.36377553427893e-19
2.631007811711838e-18
6.551612966247643e-19
1.0134091388579079e-20
5.400154132721386e-19
3.767056914700803e-19
1.407658723879765e-18
2.276513749189565e-19
3.480353431881111e-19
5.322084809626022e-19
1.2857549921122215e-19
3.214131278260476e-19
6.149556246826997e-18
2.4831319795556944e-20
4.790362982710628e-19
2.170104424616072e-19
4.691584980308645e-19
7.946340093154296e-20
