9.33074539456728e-30
4.7196068845175847e-29
5.443140246024981e-29
9.137227953755251e-29
0.0
3.155443620884047e-29
9.648754946984501e-29
9.150786500563737e-29
6.928417419136418e-29
5.679798517591285e-29
3.337867705216406e-29
8.752658262460008e-29
3.3132158019282496e-29
1.4767722664770223e-28
6.612873057048013e-29
8.386577498630882e-29
8.506139229578441e-29
1.077411433208885e-28
9.76831667793206e-29
7.667974517781116e-29
3.0728597448687225e-29
2.441771020691913e-29
2.195251987810347e-29
1.262177448353619e-29
9.068202624548412e-29
