6.7143156390787775e-28
1.124632153957349e-27
9.813429660949387e-28
7.326545657240147e-28
8.13611416122321e-28
1.9482029390080854e-27
8.658857770448572e-28
6.619652330452256e-28
7.578488108845108e-28
5.448563664748376e-28
4.862464664072452e-28
4.083464520166703e-28
6.06153324000839e-28
5.7488238467981235e-28
6.1324074619618405e-28
1.0683272068471993e-27
9.19528318599886e-28
8.13118378056558e-28
8.0306040151499e-28
5.2618254973405895e-28
9.065121136637393e-28
6.095922645095369e-28
4.72835831018488e-28
8.369937463911376e-28
8.998930776308692e-28
