1.3173977117190897e-28
1.2641496006166714e-28
1.7670484276950664e-28
1.7039395552773855e-28
1.8932661725304283e-28
3.155443620884047e-29
1.072850831100576e-28
8.835242138475332e-29
2.8892030653719557e-28
1.0117141109459476e-28
1.5067243289721325e-28
4.6542793408039697e-29
1.3489521479279302e-28
1.4515040656066617e-28
7.257520328033309e-29
8.835242138475332e-29
6.310887241768094e-29
2.0510383535746307e-28
8.519697776386927e-29
1.1675141397270975e-28
74.68314441205604
86.4847915514055
5.857292221266013e-29
2.116119378255364e-28
1.2641496006166714e-28
