181.77909030597348
2.583913895051424e-27
147.70448118421638
3.095884622539861e-27
2.3539609411794992e-27
9.361070933397206e-26
4.2752316758452735e-27
74.99656580172609
75.93371889526861
2.2435204144485576e-27
164.10371609272045
74.84169919661794
76.52673611326735
149.39572425102446
1.8669971043865686e-26
2.678971634130556e-27
178.42004111435216
76.65785553668829
8.319721536913401e-27
74.68395896939515
4.126925825663723e-27
2.062871267152946e-27
5.153661327359276e-25
100.20754970608844
149.3289979314124
