5.979564007472777e-15
3.488518810445534e-20
7.77278904868731e-14
6.5954557291862435e-15
5.194167630026816e-13
2.983553191018588e-16
3.6561988418310634e-17
3.1428191830523285e-13
1.0033583382439898e-15
6.700103397776501e-17
1.0290978635139606e-16
1.0746495639325211e-12
4.657696217859225e-25
2.3745266087936066e-16
8.414868066460823e-15
3.9866238543010435
8.728931692600101e-16
8.648424557693179e-15
1.0925230476079203e-13
4.656210553859e-16
4.1931125634887343e-16
2.4296424395388533e-15
3.725904766558951e-16
3.9866238543011536
5.035965700825491e-16
