1.9224540260236058e-27
3.986623854300931
3.7013476932486315e-27
1.8341016046388524e-27
1.1049599351334e-27
1.3304262426068805e-27
2.659891060985523e-27
4.238759184930446e-27
9.584931169371463e-27
5.897228304592826e-28
9.716831177914745e-27
1.4366143160206151e-27
5.925356126244613e-27
8.72147360480049e-28
5.468408446895342e-28
4.1326450672265756e-27
1.6861532070549805e-27
3.6198115231230535e-27
1.5501979604207967e-27
1.007683524758334e-27
8.268741400913493e-28
4.9851202088826756e-27
3.9866238543009307
9.196639040679708e-28
2.6620111246683043e-27
