0.0003765161351683144
0.0009165480519603975
0.0005195167578304627
0.0006420205480073271
0.0005564121677614775
0.0007364550540760462
0.0006173085627070307
0.0008972061029890455
0.00034811217231700553
0.0006651146467300251
0.0010281665179176502
0.0009089564676516559
0.0007375821456818699
0.0006712344727697328
0.0006061573415826471
0.0005601660450302859
0.0006782293775493553
0.0008767751030145376
0.0008789959340731457
0.00047106131322305345
0.0007032314538193418
0.0007026111860977124
0.0007443650982343897
0.0007061698755030932
0.000643037704929128
