-0.0013483997249252866
-0.0013483997249252866
-0.0013483997249252866
-0.0013483997249252866
-0.0013483997249252866
-0.0013483997249217339
-0.0013483997249252866
-0.0013483997249252866
-0.0013483997249252866
-0.0013483997249252866
-0.0013483997249252866
-0.0013483997249252866
-0.0013483997249252866
-0.0013483997249252866
-0.0013483997249252866
-0.0013483997249252866
-0.0013483997249243984
-0.0013483997249243984
-0.0013483997249252866
-0.0013483997249252866
-0.0013483997249252866
-0.0013483997249243984
-0.0013483997249252866
-0.0013483997249252866
-0.0013483997249252866
