-0.00028398085910641413
-0.000283979482232688
-0.00028398041991195555
-0.0002839808106038788
-0.0002839804014254099
-0.0002839809164756346
-0.0002839808092263141
-0.000283980882975321
-0.0002839807858634469
-0.0002839808635903829
-0.00028398081653402407
-0.00028398073610080843
-0.0002839809062482601
-0.00028398022118913957
-0.00028398073973003035
-0.00028398090681935884
-0.00028398070586632684
-0.000283980613873247
-0.00028397626348031224
-0.0002839807010972528
-0.00028398029076903697
-0.00028398091401804493
-0.0002839809131351956
-0.00028398088981251846
-0.00028397933258439423
