-0.00013409273393349963
-0.00012919902988839382
-0.00013366651899948678
-0.00013430116584228768
-0.00013389872254077062
-0.00013412643912857902
-0.00013439255237024383
-0.00013423137069379365
-0.000134064072162432
-0.00013429895597916186
-0.00013415780908676567
-0.00013396553464373184
-0.00013424007080270473
-0.00013002312768861657
-0.0001336012246593299
-0.00013402120471139867
-0.00013409464779812197
-0.00013386994440800493
-0.00013428067945664424
-0.00013424365827763296
-0.0001338857706687513
-0.0001330526066865012
-0.00013437822090800466
-0.00013398063073344346
-0.00013399209790598832
