-0.004975246918103693
-0.004975246918103693
-0.004975246918103693
-0.004975246918103693
-0.004975246918103693
-0.004975246918103693
-0.004975246918103693
-0.004975246918103693
-0.004975246918103693
-0.004975246918103693
-0.004975246918102805
-0.004975246918103693
-0.004975246918103693
-0.004975246918103693
-0.004975246918103693
-0.004975246918103693
-0.004975246918102805
-0.004975246918103693
-0.004975246918103693
-0.004975246918103693
-0.004975246918103693
-0.004975246918103693
-0.004975246918103693
-0.004975246918103693
-0.004975246918103693
