-0.00015979274032140722
-2.96954486356249e-05
-3.3939929275916825e-06
-0.0001275168990106934
-0.0002188962168476749
-0.00045309012005712024
-0.00010036847884364875
-6.446841941176729e-06
-0.00044001128774873166
-2.8826457461050836e-06
-0.00023527611793472403
-5.6985437387524485e-05
-1.4156321408442807e-06
-3.949756575805097e-06
-1.8361514122489098e-06
-1.0004100478688827e-05
-1.5909229933441793e-07
-1.2309680315070182e-06
-0.0002178519267475032
-1.1674978027897964e-05
-0.0005876688101555949
5.650557545089363e-05
-5.976487421133214e-05
-2.220446049250313e-16
-1.9008723972646635e-05
