1.528378502160227e-137
1.2837708952367842e-140
1.0232120891510773e-132
4.996139243437385e-124
2.7748068760671636e-129
6.300686222109404e-131
9.786016928706735e-130
8.765868453504375e-144
3.2984513048651164e-133
2.9339860419084027e-132
2.8656434523251275e-129
3.6151491393201037e-131
1.7344744908384243e-135
9.900658781606557e-147
1.9538058875542334e-144
6.879856917244846e-137
1.9289407684102655e-128
6.718924714447372e-145
3.612609060103596e-140
2.2179594661234018e-125
1.6416343688808414e-141
2.465286760521385e-183
1.0568521026962554e-136
5e-324
1.0803692984185904e-134
