-0.0020370917096830254
-0.0020370917096839136
-0.0020370917096830254
-0.002037091709684802
-0.0020370917096839136
-0.002037091709684802
-0.0020370917096830254
-0.0020370917096839136
-0.0020370917096821373
-0.0020370917096830254
-0.0020370917096830254
-0.0020370917096839136
-0.0020370917096839136
-0.002037091709684802
-0.0020370917096839136
-0.002037091709684802
-0.002037091709684802
-0.0020370917096839136
-0.002037091709684802
-0.0020370917096843577
-0.002037091709684802
-0.0020370917096839136
-0.0020370917096825814
-0.0020370917096839136
-0.002037091709680361
