6.275513442233205e-11
6.275513442233205e-11
6.45741238258779e-11
6.45741238258779e-11
6.366462912410498e-11
6.912159733474255e-11
6.275513442233205e-11
6.906110684212763e-06
6.275513442233205e-11
6.275513442233205e-11
6.45741238258779e-11
6.639311322942376e-11
6.275513442233205e-11
7.73070496506989e-11
6.45741238258779e-11
2.7193891583010554e-10
6.275513442233205e-11
6.275513442233205e-11
6.275513442233205e-11
6.275513442233205e-11
6.275513442233205e-11
6.275513442233205e-11
6.184563972055912e-11
7.185008144006133e-11
6.275513442233205e-11
