1.5561218980053582e-11
1.5561218980053582e-11
1.5561218980053582e-11
1.5561218980053582e-11
1.5561218980053582e-11
1.5561218980053582e-11
1.5561218980053582e-11
1.5561218980053582e-11
1.5561218980053582e-11
1.5561218980053582e-11
1.5561218980053582e-11
1.5561218980053582e-11
1.5561218980053582e-11
1.5561218980053582e-11
1.5561218980053582e-11
1.5561218980053582e-11
1.5561218980053582e-11
1.5561218980053582e-11
1.5561218980053582e-11
1.5561218980053582e-11
1.5561218980053582e-11
1.5561218980053582e-11
1.5561218980053582e-11
1.5561218980053582e-11
1.5561218980053582e-11
