-5.684341886080802e-14
-5.684341886080802e-14
-5.684341886080802e-14
1.7053025658242404e-13
5.115907697472721e-13
7.389644451905042e-13
-1.7053025658242404e-13
5.684341886080802e-14
7.389644451905042e-13
1.7053025658242404e-13
3.581135388230905e-12
5.684341886080802e-14
-1.7053025658242404e-13
3.979039320256561e-13
-5.684341886080802e-14
-5.684341886080802e-14
8.526512829121202e-13
5.684341886080802e-14
1.0800249583553523e-12
2.2296092083706753e-08
1.7053025658242404e-13
1.7053025658242404e-13
-5.684341886080802e-14
1.7053025658242404e-13
1.7053025658242404e-13
