-4.8266002515617856e-05
-4.826479347030954e-05
-4.826637930399613e-05
-4.826629136256422e-05
-4.8261146602612826e-05
-4.826592940432306e-05
-4.825237084293832e-05
-4.8253442493262355e-05
-4.826627530718497e-05
-4.826524199330606e-05
-4.826639141697342e-05
-4.8265771763311704e-05
-4.8265078721243526e-05
-4.826594262752337e-05
-4.826381402267543e-05
-4.826601099594541e-05
-4.8266380268557896e-05
-4.8255927914908625e-05
-4.8266325539003674e-05
-4.826529136603419e-05
-4.82650495090553e-05
-4.825303730626729e-05
-4.826612635611127e-05
-4.82638287664372e-05
-4.826483550601779e-05
