-1.6775682340153253e-05
-1.662570482352521e-05
-1.6817358158505158e-05
-1.6893223186542627e-05
-1.6779620063189782e-05
-1.7058690037430324e-05
-1.7089077672949315e-05
-1.6213852184421285e-05
-1.6880142993613845e-05
-1.674839468535083e-05
-1.6706501000385288e-05
-1.6923959897496843e-05
-1.6811221044576996e-05
-1.6942982966838827e-05
-1.6916150777035455e-05
-1.6874446613357463e-05
-1.6932220280097e-05
-1.6963354994459223e-05
-1.6956703952075713e-05
-1.671709802053556e-05
-1.702101410216983e-05
-1.6794814797549407e-05
-1.6828550373659823e-05
-1.6865962329859485e-05
-1.7011149861190233e-05
