-0.7412925919193225
-1.6779920214808617
-0.16879978053890765
-1.2253889657309494
-2.939463951580998
-0.1688133370339331
-0.1664897617646729
-0.1688179852879229
-0.16881516331309054
-1.3575125901508414
-0.16880026593133313
-0.16881469375236435
-0.9685163783045929
-0.16881713797758446
-0.16881723578648555
-5.031899492415173
-1.436479746523451
-1.1422160139756101
-0.12029089172798757
-0.1688178216440982
-3.1424120218132536
-0.16879990729148897
-0.16873644065755855
-4.147181288672028
-0.16881776201594811
