1.6154254174070619e-25
3.98662385430093
2.381221015835543e-25
2.0549969562046429e-25
5.533011224652285e-26
5.1933735714042335e-25
5.20513302231075e-25
5.444733991572561e-26
3.9866238543009307
7.976000049366633e-26
2.016062233189394e-25
1.9153582221811428e-25
5.664105115958044e-26
1.5107524499694173e-25
1.0115548596507061e-25
7.336391627413437e-26
1.2805500188362163e-25
6.099827506576213e-26
2.4188749738673587e-24
3.250235119407667e-26
8.939140050073597e-26
6.705668984000457e-26
1.0601541148310439e-25
5.273318214653528e-26
2.2263075927561515e-25
