1.121505061326608e-18
5.473656414805961e-21
2.630577411672107e-19
2.6313113990554317e-20
7.158144353098377e-19
2.1337503307263476e-18
3.6012170507866847e-19
2.376055222962176e-18
1.16386877029724e-18
3.1379180795396646e-19
4.864632785891905e-18
8.110534004098704e-20
3.718729409007223e-19
4.21298271218108e-19
3.167686582352629e-19
4.75111206398366e-19
1.8609297446025347e-19
1.7304311986791025e-19
1.2371513726914297e-19
2.1243035023372047e-20
1.2627253728154885e-19
1.5697407515668441e-18
3.2189676508537423e-19
8.999994170078046e-20
1.1591995012658647e-18
