5.231133877746835e-29
6.941975965944904e-29
8.204153414298523e-29
8.506139229578441e-29
8.456835423002128e-29
3.7865323450608567e-29
8.386577498630882e-29
6.386075546796972e-29
2.8263407119871564e-29
1.8603558816407392e-28
4.9464043947686256e-29
1.2486189015451327e-29
2.391234618951192e-29
4.1020767071492614e-29
3.703948469045532e-29
5.981784332871204e-29
7.243961781224822e-29
3.337867705216406e-29
7.651950780643815e-29
1.5777218104420236e-29
2.208810534618833e-29
6.612873057048013e-29
3.053138222238197e-29
6.22830336575277e-29
3.141885074075561e-29
