5.5970913820595195e-28
8.179624770526807e-28
1.2604025113168716e-27
5.850882726411092e-28
3.2689656355260085e-28
6.798008850742069e-28
7.560368959928313e-28
5.310513006334699e-28
9.315584474045064e-28
1.0082751704372498e-27
7.003112686099532e-28
1.0352936564410694e-27
1.3238195325256545e-27
4.27180506128822e-28
1.199857436841159e-27
6.028006651536497e-28
7.915233107761327e-28
4.802190760532909e-28
1.0025559288743975e-27
7.562341112191365e-28
4.072617682719914e-28
6.17480873561747e-28
3.0274016352053617e-27
7.586376717897318e-28
8.235707850507363e-28
