1.833959756036751e-07
8.303569757599867e-10
8.116128686347514e-13
1.2538305791884705e-07
2.0131740702431506e-07
1.7167418454243797e-13
2.2906417381629367e-11
1.7231505420512674e-12
2.985820683365783e-08
3.136889068939832e-08
4.9048331879019585e-14
1.1252293564324751e-11
1.2852349862480756e-14
1.012341947880594e-10
3.1582344107189016e-14
7.017282155075438e-14
3.741601564478144e-15
1.2696171555857285e-10
5.413370478991337e-09
2.0361538601170843e-10
1.0002182210040553e-13
2.410874761437315e-09
5.497726731639405e-10
6.876241357834733e-11
1.8113937355585865e-09
