5.862222601923644e-29
7.036885793604307e-29
4.7196068845175847e-29
4.966125917399151e-29
3.337867705216406e-29
4.0194928311339367e-29
7.875050505401632e-29
5.981784332871204e-29
2.524354896707238e-29
6.22830336575277e-29
4.088518160340775e-29
8.752658262460008e-29
8.880848159558422e-29
3.703948469045532e-29
1.3554849022992917e-28
4.417621069237666e-29
8.101848015652673e-29
2.757315382780318e-29
2.1262266586035084e-29
8.204153414298523e-29
4.088518160340775e-29
6.177766964012049e-29
5.281670279487556e-29
2.524354896707238e-29
4.1020767071492614e-29
