8.02579689400871e-28
6.166427088499497e-28
1.7607375404532983e-27
4.020355647749022e-28
7.570229721243575e-28
2.742400981290983e-28
1.08637240005413e-27
1.0978478610347669e-27
5.831161203780567e-28
7.3138499270467465e-28
5.172955385986785e-28
4.079520215640598e-28
8.348243789017798e-28
7.564313264454418e-28
1.0756241702204937e-27
7.525733035808453e-28
2.782706843167119e-28
6.203528202948172e-28
7.128837392869131e-28
4.133754402874543e-28
5.183925482950015e-28
5.070403468308053e-28
5.969704900260007e-28
4.162720389238127e-28
6.923363778962346e-28
