2.9661170036310044e-28
9.01273584215006e-29
1.672385119068545e-28
4.1020767071492614e-29
1.0906002014680488e-28
1.4436154565544516e-28
6.784203784900702e-29
3.392101892450351e-29
3.155443620884047e-29
2.5263270489702903e-28
1.0334077858395255e-28
1.5165850902873952e-28
3.470987982972452e-29
1.135959703518257e-28
1.6901344894360178e-28
5.048709793414476e-29
9.01273584215006e-29
9.150786500563737e-29
6.310887241768094e-29
5.541747859177608e-29
5.99534287967969e-29
2.2738915592995665e-28
2.145701662201152e-28
3.392101892450351e-29
2.3665827156630354e-30
