3.990058458607878e-27
7.7150596530614955e-28
2.58075845143054e-27
4.829800892215645e-27
1.737071713296668e-27
2.165028754379067e-27
1.032224494481694e-27
77.4179526753418
2.5267214794229008e-27
1.2704604878584395e-27
3.730523220790165e-27
5.318105792547451e-27
8.413201554182091e-28
7.738725480218126e-28
3.562495847978089e-27
2.2139381305027696e-27
8.819464920370912e-28
8.582806648804608e-28
8.98907001499343e-28
8.428978772286511e-28
77.30543236229329
3.2232856587330542e-27
6.078173274727896e-28
5.165855637839796e-27
2.1520125494429202e-27
