0.0003829988446915067
0.0005417517931576299
0.0005523639167832606
0.0004278789873808364
0.0005605023073801153
0.0004966630762961444
0.00039890382750340514
0.0007464493026194674
0.00036529568270893265
0.0003313757085550151
0.015234598373223385
0.0004696166183227879
0.0004089442155752465
0.0002955944334757099
0.00045066896065382167
0.0007116923542325182
0.0004894136100386248
0.0007578864107395944
0.0007088060553019915
0.00044577794033817675
0.0006542875106907431
0.0004923785429333805
0.00029109780103819816
0.0005638360159720968
0.00042316729471075787
