-0.00013453000198127008
-0.00013453433512644608
-0.00013451276496212472
-0.00013452670511160392
-0.00013438777273433455
-0.00013434988503568945
-0.0001345325438002476
-0.0001345267120836935
-0.00013453020757969725
-0.00013453398920759696
-0.00013453382453576523
-0.00013453239197414035
-0.00013427750181627118
-0.00013452987365614177
-0.00013452229038080077
-0.00013453394613005543
-0.00013452302158079021
-0.00013452194221041935
-0.00013452018138959687
-0.00013452761235654975
-0.00013453112690831048
-0.00013453286691733624
-0.00013452042883432824
-0.00013452598910390634
-0.00013440759168936722
