-4949.2480205286
-4949.2480205286
6.275513442233205e-11
0.0002178009408453363
-4949.2480205286
3.4297045203857124e-09
6.45741238258779e-11
4.71531802759273e-06
1.5273144526872784e-08
6.366462912410498e-11
6.275513442233205e-11
6.275513442233205e-11
9.595169103704393e-10
6.275513442233205e-11
4.477933543967083e-07
2.065577973553445e-06
9.158611646853387e-10
6.275513442233205e-11
-4949.2480205286
8.527815953129902e-05
1.0095391189679503e-10
6.366462912410498e-11
13950.751979470911
8.640199666842818e-11
1.586158759891987e-08
