1.5561218980053582e-11
1.5561218980053582e-11
1.5561218980053582e-11
1.5561218980053582e-11
1.5561218980053582e-11
1.5561218980053582e-11
1.5561218980053582e-11
1.5561218980053582e-11
1.5561218980053582e-11
1.5561218980053582e-11
1.5561218980053582e-11
1.5561218980053582e-11
1.5561218980053582e-11
1.5561218980053582e-11
1.5561218980053582e-11
1.5561218980053582e-11
1.5561218980053582e-11
1.5561218980053582e-11
1.5561218980053582e-11
1.5561218980053582e-11
1.5561218980053582e-11
1.5561218980053582e-11
1.5561218980053582e-11
1.5561218980053582e-11
1.556110795775112e-11
