4.6341597226273734e-11
4.6341597226273734e-11
4.632738637155853e-11
4.632738637155853e-11
4.632738637155853e-11
4.644107320928015e-11
4.632738637155853e-11
4.632738637155853e-11
4.6341597226273734e-11
4.632738637155853e-11
4.632738637155853e-11
1.1023928436770802e-08
4.645528406399535e-11
4.632738637155853e-11
4.6625814320577774e-11
4.633449179891613e-11
4.632738637155853e-11
4.632738637155853e-11
4.632738637155853e-11
4.632738637155853e-11
5.375255796025158e-11
4.6341597226273734e-11
4.632738637155853e-11
4.632738637155853e-11
4.632738637155853e-11
