-0.1407876823058477
-0.14078749945165345
-0.1407866870054496
-0.14078725734278036
-0.14078676043432714
-0.1407861830185154
-0.1407860910280453
-0.1407866425217158
-0.14078764547706346
-0.14078679671499128
-0.14078657873156764
-0.1407868573943014
-0.14078731028527985
-0.14078636940452688
-0.14078691508346802
-0.14078599277980683
-0.14078680173209132
-0.14078664238184307
-0.14078698968378395
-0.14078625745073423
-0.14078729360196868
-0.14078721202174793
-0.14078656726556582
-0.14078455206990192
-0.1407876635366146
