6.727044570111316e-49
1.580129911962404e-48
2.4844376097622913e-49
4.8627835047296275e-45
2.4242999058438002e-54
2.869597760167831e-56
2.237951667071387e-47
1.2433901718583633e-41
1.2337056965111058e-60
4.211856824839183e-43
5.512333949289135e-49
6.377707875814834e-54
1.2181446276554266e-56
2.390314813385025e-47
2.6700700650200116e-54
1.6502836385739562e-53
8.228289219100298e-47
2.257376256134376e-43
1.443359005156473e-49
4.194226964871805e-48
2.2044744207769335e-53
7.103116292156387e-49
9.501128853640414e-61
1.3040944854079633e-62
1.0961725942161982e-43
