1.7053025658242404e-13
1.7053025658242404e-13
1.7053025658242404e-13
-5.684341886080802e-14
-5.684341886080802e-14
-5.684341886080802e-14
5.684341886080802e-14
6.252776074688882e-13
5.684341886080802e-14
1.7053025658242404e-13
300.0085000000001
-5.684341886080802e-14
5.684341886080802e-14
1.5347723092418164e-12
300.00849999999997
1.7053025658242404e-13
-1.7053025658242404e-13
1.7053025658242404e-13
1.3073986337985843e-12
5.684341886080802e-14
3.979039320256561e-13
1.7053025658242404e-13
3.979039320256561e-13
2.8421709430404007e-13
-5.684341886080802e-14
