3.0745314072433416e-09
0.01101109899346342
8.959277004727539e-07
1.434290682222894e-06
4.742268366886293e-08
7.897691434166632e-08
1.288313722369594e-08
1.926065008928113e-06
1.5853013235478386e-08
9.975911208215393e-10
3.091687583722802e-08
1.4567378858743041e-08
1.935646409823022e-08
4.637792005990349e-08
3.091271538746554e-08
9.147683721622002e-10
9.77507352839524e-09
5.044296651490754e-07
3.4910000445975697e-09
7.181696592972742e-08
5.4211641176138414e-08
4.710710044264488e-09
3.5575518941843853e-07
1.087605342453557e-06
9.082429820450599e-07
