-8.72368843829463e-12
-1.0002443318057885e-11
-1.0002443318057885e-11
-1.000266536266281e-11
-1.000044491661356e-11
-1.0002887407267735e-11
5.6546448081951084e-05
-1.0002443318057885e-11
5.217184464445523e-07
-1.000266536266281e-11
-1.0002443318057885e-11
-9.99822447056431e-12
-1.000266536266281e-11
-1.0002443318057885e-11
-1.0002443318057885e-11
-1.0002443318057885e-11
-1.0002443318057885e-11
-1.0002443318057885e-11
-1.000266536266281e-11
-1.000222127345296e-11
-1.0002443318057885e-11
-9.992229266231334e-12
-1.0002443318057885e-11
-1.000266536266281e-11
-1.0002443318057885e-11
