7.979039651218045e-11
7.977618565746525e-11
7.977973837114405e-11
7.977973837114405e-11
7.977973837114405e-11
7.978329108482285e-11
7.983302907632606e-11
7.977973837114405e-11
7.978684379850165e-11
7.976908023010765e-11
7.978684379850165e-11
7.978684379850165e-11
7.979039651218045e-11
7.977618565746525e-11
7.976552751642885e-11
7.982237093528965e-11
7.978684379850165e-11
7.977618565746525e-11
7.976908023010765e-11
7.977618565746525e-11
7.977973837114405e-11
7.977618565746525e-11
7.977618565746525e-11
7.983658179000486e-11
7.978684379850165e-11
