-0.00010284169670882193
-0.00010284169675145449
-0.00010284169676566535
-0.00010284169674790178
-0.00010284169676566535
-0.00010284169674434906
-0.00010284169675145449
-0.00010284169665197851
-0.00010284169673724364
-0.00010284169674612542
-0.00010284169674079635
-0.00010284169674790178
-0.00010284169675678356
-0.00010284169674079635
-0.00010284169676211263
-0.00010284169675855992
-0.00010284169673369092
-0.00010284169674434906
-0.0001028416967550072
-0.00010284169671948007
-0.00010284169676211263
-0.00010284169673724364
-0.00010284169673013821
-0.00010284169675855992
-0.0001028416967550072
