-1.699260705834149e-05
-1.6879002340708382e-05
-1.6958327464067224e-05
-1.712807005560535e-05
-1.699263938093054e-05
-1.7030422117869648e-05
-1.70206068474954e-05
-1.7141341011495115e-05
-1.6808030910198113e-05
-1.6919918529367806e-05
-1.7069956385284968e-05
-1.7077723754255203e-05
-1.6940849247859546e-05
-1.683177453770668e-05
-1.699453811454532e-05
-1.6961928146486116e-05
-1.6950870495691106e-05
-1.6899642155010497e-05
-1.7142919785939625e-05
-1.7034512254099354e-05
-1.6967605711570855e-05
-1.680238880652496e-05
-1.7038686578985107e-05
-1.7031412390622336e-05
-1.71038035823301e-05
