-4.8266359755189114e-05
-4.826636524768446e-05
-4.826634862808987e-05
-4.826638351929091e-05
-4.826598076856925e-05
-4.826638134503014e-05
-4.826593430484749e-05
-4.8266302359323277e-05
-4.826635818488967e-05
-4.826635883148356e-05
-4.826639285582246e-05
-4.8266144407449474e-05
-4.826613862718432e-05
-4.8266104744953964e-05
-4.826631252541347e-05
-4.826637832877623e-05
-4.826615759512265e-05
-4.8266380577643986e-05
-4.826633555055082e-05
-4.826633234245037e-05
-4.826585430173225e-05
-4.8263986104579715e-05
-4.826638543065087e-05
-4.826607802144167e-05
-4.826634054921897e-05
