-0.16881904003628612
-0.1688191844092085
-0.16881365667517656
-0.16881810824036703
-0.16881892920042874
-0.1688040553527994
-0.16881938458511847
-0.09219398959144054
-0.16880686643736398
-0.16881592990417282
-0.16881850049128755
-0.10246915793778721
-0.16881922232930102
-0.16881766292066613
-0.16881883381666207
-0.16881940761561776
-0.10246486343156302
-0.16881941984479987
-0.16869105138277274
-0.16881873534948633
-0.1024684524362427
-0.16881699058592836
-0.10246471876232077
-0.16881910358706487
-0.16881912974399427
