4.542951199825095e-22
0.19622735930898116
8.929911402635007
0.07511416023906893
6.460678626211975e-07
0.16764226459655912
4.479988052486559e-22
0.0969482070298887
0.0017561730477914333
1.6702626812744972e-19
1.7409970425078256
0.010434251631576337
2.235267259753978
0.3100410864179458
5.3959461273135885
0.061769165022175984
3.134240309089977
1.6599676262260637e-21
0.0005228453103939766
0.5623135219566445
8.351430029350144e-05
4.048412750689753e-09
0.013849220463429823
1.5003838788958272
5.445249141379867e-17
