3.9866238543009316
3.9866238543009307
5.227822634097169e-25
1.285531675452687e-25
6.640931853370593e-26
99.25282853203237
8.787597898028378e-25
2.8990283279464834e-25
1.5172557453163495e-25
1.1829383425764313e-25
2.115743190211187e-25
2.3101199963718415e-26
1.7833921465370485e-25
8.42364763944219e-22
1.480047025309821e-25
2.3160246202474208e-25
3.986623854300932
1.0984539527290095e-24
4.983075580023956e-25
1.449587256866491e-25
2.936791099479413e-26
2.510076144544188e-25
1.2809641708114573e-25
1.0123895730960431e-25
1.1245947816719642e-24
