0.010855265018702598
0.01085526501870282
0.010855265018702598
0.01085526501870282
0.01085526501870282
0.01085526501870282
0.01085526501870282
0.01085526501870282
0.010855265018702598
0.010855265018702598
0.01085526501870282
0.010855265018702598
0.01085526501870282
0.01085526501870282
0.01085526501870282
0.010855265018702598
0.01085526501870282
0.010855265018702598
0.01085526501870282
0.7077873038627381
0.010341844241394504
0.010855265018702598
0.010855265018702598
0.010855265018702598
0.010855265018702598
