1.4587682408304095e-18
4.023528252285907e-19
4.280783345665349e-20
1.0190881833058744e-18
1.3761576506735534e-19
3.7107200023766986e-19
1.2377424482562551e-19
1.6683314781645965e-19
8.360419533222682e-18
1.9780069746796244e-18
4.932441013600073e-19
7.659736857247433e-19
2.5668637389294297e-19
9.450022162147163e-18
9.566734606763535e-19
3.164756915665649e-19
1.3223543949260322e-18
2.8341832731038277e-19
2.9250996085341606e-18
8.004606768897903e-19
3.9375851159639946e-18
3.830072495346156e-18
3.580901017944324e-19
4.971131157655675e-19
1.7912861146037754e-19
