1.262177448353619e-29
5.350695608694394e-29
4.0194928311339367e-29
1.1122938763616266e-28
7.243961781224822e-29
6.612873057048013e-29
7.806025176194793e-29
1.103049412628568e-28
7.648252995150591e-29
4.812051521848172e-29
6.493311326100453e-29
2.757315382780318e-29
7.573064690121713e-29
1.255891213015139e-28
9.017666222807691e-29
4.088518160340775e-29
4.463227090320756e-29
1.3435287292045357e-28
6.356493262851184e-29
9.225974805592615e-29
3.388404106957127e-29
2.0756902568627873e-29
1.140520305626566e-28
1.0941747274448315e-28
7.124400050277263e-29
