2.1862293912068816e-27
5.825861044573613e-28
1.0579734074661735e-27
5.738100268867775e-28
1.3688215819781844e-27
7.06572852045145e-28
5.719364822368776e-28
1.3496547271716427e-27
1.0365632294604095e-27
6.018145890221235e-28
1.719433276493992e-27
8.784089439152407e-28
9.529439735069823e-28
8.0207432538346375e-28
8.695342587315043e-28
5.596105305927993e-28
8.501455367953692e-28
9.357985747700693e-28
7.8502753425970345e-28
1.0865696152804352e-27
5.559004191479318e-28
5.272672334787378e-28
7.38681956077969e-28
9.166563718668157e-28
5.88206738407061e-28
