9.25678968470281e-30
9.25678968470281e-30
7.65441597097263e-30
6.175301773683233e-30
6.175301773683233e-30
7.65441597097263e-30
2.91508756382452e-29
6.175301773683233e-30
1.8501253417761542e-29
6.175301773683233e-30
1.064962222048366e-29
1.318876825916379e-29
1.1241267899399418e-29
1.064962222048366e-29
9.25678968470281e-30
7.65441597097263e-30
1.5296505990301182e-29
6.175301773683233e-30
3.986579112347137
1.064962222048366e-29
9.25678968470281e-30
6.175301773683233e-30
6.175301773683233e-30
3.986579112347137
7.469526696311456e-30
