0.010855276320934526
0.010855275571578615
0.010855273318576497
0.7251178114850136
0.010855266112899331
0.010855283870203292
0.010855265369755895
0.01085526779363477
0.010855273119474651
0.01085527236412176
0.010855275909704587
0.010855281058288146
0.010855268139306373
0.010855280574482151
0.010341844316851478
0.0108552710462263
0.010855266078095838
0.01085526585612473
0.010855266336594616
0.01034184695220397
0.08196256098473531
0.010855265064286912
0.010861222222113831
0.010855280643733423
0.010855270492535651
