1.7364442656200862e-08
5.1934443577433404e-14
2.2003160595191442e-16
8.564256223013634e-12
5.530192136369569e-11
2.6270844898334256e-16
6.348816354072064e-17
1.392739893668904e-19
1.1528355110252276e-10
3.0911176633779176e-14
3.279701219970538e-10
1.0520681241509004e-15
1.3390294627081545e-09
2.135726128529026e-09
1.1619246765874144e-11
3.3986718921545405e-11
1.4757206340137414e-09
3.1207026751273775e-16
3.074988641216102e-13
3.891748068843698e-15
1.3425816063081698e-16
2.3748765685675787e-12
5.032933846829575e-19
9.519098674224085e-14
7.230896187241381e-09
