4.974470006928313e-19
1.4544270635811887e-19
7.538706330675381e-20
8.26951651305289e-20
1.165869815448857e-19
1.8633449214237187e-20
8.98183373381577e-19
4.847767022625238e-19
6.890388688072968e-18
2.330017492984613e-19
1.2337935260454504e-19
2.2701901328643424e-18
1.9483280358460391e-19
1.1138168560204853e-18
1.788323201996159e-19
6.450124251549174e-19
6.6375109808236e-19
4.444171253605395e-18
1.7759599478155583e-20
6.333305534345774e-20
3.066679880694698e-19
6.62236486729983e-19
4.987368588842387e-19
7.715810669301931e-19
1.3666082092479583e-19
