7.490480814106389e-29
1.2488654205780143e-28
6.310887241768094e-29
9.33074539456728e-30
9.137227953755251e-29
8.386577498630882e-29
4.650581555310746e-29
2.1459481812340337e-29
2.2876966251409342e-29
6.25665305453415e-29
2.524354896707238e-29
2.391234618951192e-29
4.7196068845175847e-29
1.3750831654133762e-28
8.386577498630882e-29
3.653412067304811e-29
1.262177448353619e-29
1.2247065553556208e-28
9.33074539456728e-30
6.310887241768094e-29
8.752658262460008e-29
2.195251987810347e-29
9.964299309072905e-29
2.8263407119871564e-29
2.441771020691913e-29
