1.1104326576633708e-27
7.480496793274685e-28
1.0142286050813396e-27
5.165190036451016e-28
7.552480350876103e-28
1.7888900140083732e-27
2.4283234074482237e-27
6.86900633221196e-28
8.974402132536976e-28
8.983153558204272e-28
8.885655280699613e-28
7.485427173932317e-28
1.1009663268007187e-27
3.602259367981886e-28
1.240791922251143e-27
7.38521718706596e-28
5.149289558830155e-28
3.382241131135088e-28
1.5772410983279046e-27
1.2871375004328775e-27
6.718629722154205e-28
8.69472628973284e-28
1.302323072858382e-27
5.680907853239252e-28
1.1249156508451628e-27
