6.310887241768094e-29
74.682568578912
1.2227344030925683e-28
2.548020723863868e-28
100.88761476344825
1.4120610203456111e-28
1.1675141397270975e-28
1.563916744600656e-28
74.6828167117111
74.73287293490509
1.4199496293978212e-28
3.441405699026664e-28
4.4373425918681914e-29
8.835242138475332e-29
1.6408306828597046e-28
89.0879385838
79.26417717366763
77.63788715905423
74.68447672867362
5.048709793414476e-29
4.593142620649341e-28
7.573064690121713e-29
74.68263840771162
2.0056788515244225e-28
74.68385912500904
