8.381408195508282e-13
5.763998963615894e-15
5.289382934068735e-16
1.4956296101010121e-15
3.991711506153358e-14
1.4556264060553797e-14
3.9866238543009596
6.400616602570939e-14
3.986623854300952
3.818443484374095e-15
3.9866238543060923
3.986623854301135
4.0195259882416906e-15
2.8496132586654867e-21
2.6021997097166875e-13
3.986623854301094
1.922958063490142e-14
3.1343831384922085e-14
5.3704280029638464e-14
1.1091061529839855e-14
3.942559258591029e-19
7.189917386223541e-16
9.12706905807502e-13
1.0663606558753109e-13
9.765425458969936e-14
