1.8439993438090473e-27
4.758803410745754e-28
5.15175474915897e-28
5.3658565292166105e-28
1.1922893025316949e-28
5.527696274303359e-28
3.9866238543009307
9.178766410795795e-28
1.1978483067231742e-27
2.068393293489493e-27
1.0579241036595972e-27
1.2403851658468884e-27
2.156412914179856e-27
1.0144997760175093e-27
4.467910951945506e-28
4.985231142447472e-28
3.98662385430093
5.902774982832662e-28
4.56466967235152e-28
6.4171369449400495e-28
2.0667169640658983e-27
3.791265510492183e-27
5.021222921248181e-28
7.108746091689283e-28
1.1983413447889373e-27
