0.00031149871731850354
0.00039852566539938516
0.0002815573177075148
0.00042008532429749224
0.0004044103450516756
0.0005151306697648295
0.0003161547309008528
0.0002721009099042604
0.00019820448368967902
0.00022228820295744356
0.0003898745965820183
0.0003258686718785597
0.0004747720844120451
0.0003212865997638259
0.0003917986707389076
0.00033471449811073306
0.0004177706613277543
0.00034397216571235845
0.00025212146357606047
0.0003240594661323426
0.0003762683090782204
0.000439926285054959
0.0003668882114733485
0.00025836698233483446
0.00032998565365427446
