-0.00028398091711645534
-0.0002839809171177876
-0.0002839809171177876
-0.0002839809171191199
-0.00028398091711689943
-0.00028398091711157036
-0.0002839809171142349
-0.0002839809171177876
-0.0002839809171213403
-0.00028398091712045215
-0.0002839809171142349
-0.00028398091710357676
-0.00028398091710646334
-0.0002839809170929186
-0.00028398091712045215
-0.00028398091711601126
-0.00028398091711245854
-0.00028398091711645534
-0.00028398091705117423
-0.0002839809171151231
-0.00028398091711601126
-0.0002839809171213403
-0.0002839809171177876
-0.00028398091710557516
-0.0002839809171177876
