-0.00013412786913935548
-0.00013452899688282116
-0.00013452783556289205
-0.00013452990964424316
-0.00013453307544786242
-0.00013452934547686368
-0.0001345302796842418
-0.00013449644558072293
-0.0001345271826179717
-0.00013452567054583753
-0.0001345198277816484
-0.00013452616217612956
-0.0001345331864861521
-0.0001345235647618459
-0.00013453363114734884
-0.00013452156975191087
-0.0001345314881011639
-0.0001345131434749014
-0.00013452526926815978
-0.00013450693542371717
-0.00013447299072710805
-0.00013453198888058182
-0.0001345322869319432
-0.00013447799272725547
-0.0001345199008131459
