-0.0020370917096839136
-0.0020370917096839136
-0.002037091709684802
-0.002037091709684802
-0.0020370917096839136
-0.002037091709684802
-0.0020370917096843577
-0.002037091709684802
-0.002037091709684802
-0.002037091709684802
-0.0020370917096839136
-0.002037091709684802
-0.0020370917096843577
-0.002037091709684802
-0.002037091709684802
-0.002037091709684802
-0.0020370917096839136
-0.002037091709684802
-0.002037091709684802
-0.002037091709684802
-0.002037091709684802
-0.0020370917096834695
-0.002037091709684802
-0.002037091709684802
-0.0020370917096843577
