6.275513442233205e-11
6.275513442233205e-11
6.275513442233205e-11
6.275513442233205e-11
6.275513442233205e-11
6.275513442233205e-11
7.639755494892597e-11
6.275513442233205e-11
6.275513442233205e-11
6.275513442233205e-11
6.275513442233205e-11
6.275513442233205e-11
6.275513442233205e-11
6.275513442233205e-11
6.275513442233205e-11
6.366462912410498e-11
6.275513442233205e-11
6.275513442233205e-11
6.275513442233205e-11
6.275513442233205e-11
6.184563972055912e-11
6.366462912410498e-11
6.275513442233205e-11
6.275513442233205e-11
6.275513442233205e-11
