4.1897825486802986e-11
4.1897804670121275e-11
4.18978532423786e-11
4.1897804670121275e-11
4.1897825486802986e-11
4.1897804670121275e-11
4.1897804670121275e-11
4.1897804670121275e-11
4.189777691454566e-11
0.022507340066566704
4.1897804670121275e-11
4.1897804670121275e-11
4.1897804670121275e-11
0.16815623945794755
4.1897804670121275e-11
4.1897804670121275e-11
4.189777691454566e-11
4.189777691454566e-11
4.1897825486802986e-11
4.1897804670121275e-11
4.189777691454566e-11
4.1897804670121275e-11
4.1897804670121275e-11
4.1897804670121275e-11
4.1897804670121275e-11
