4.632738637155853e-11
4.633449179891613e-11
4.632738637155853e-11
4.632738637155853e-11
8.496670034219278e-11
4.632738637155853e-11
5.23050402989611e-09
4.632738637155853e-11
4.632738637155853e-11
4.632028094420093e-11
4.632738637155853e-11
4.865796654485166e-11
4.632028094420093e-11
4.632738637155853e-11
4.632738637155853e-11
4.632738637155853e-11
4.645528406399535e-11
4.632738637155853e-11
4.632738637155853e-11
4.632738637155853e-11
4.632738637155853e-11
4.885691851086449e-11
4.632738637155853e-11
4.632738637155853e-11
4.632738637155853e-11
