6.2941259989439465e-65
5.078884973550878e-57
8.3651202457624e-53
9.04721577655019e-56
3.2353325742249025e-51
1.079024215364432e-47
1.576358017131894e-45
2.276642188300908e-63
3.423798704985539e-60
2.540092917620276e-66
9.553524352077581e-71
5.612235316187762e-54
1.1223020249181821e-57
1.4248230815242529e-70
4.5636650654388965e-58
1.04052538467518e-50
9.771309120048302e-44
9.549309858623488e-53
1.4468968423604866e-40
2.7262618152464043e-61
4.667675713240394e-68
2.1623405957661526e-55
1.7801528779045555e-58
2.958190486640782e-50
2.3203391684446877e-49
