-0.14062591114883566
-0.14014738433455637
-0.1398108121788665
-0.14010778870236248
-0.14031656522333993
-0.13955978978602096
-0.13869210964977394
-0.14041029197388016
-0.14066124106205846
-0.14069071548026782
-0.14069685896330686
-0.14049641650651093
-0.14034976586034298
-0.14071818784047868
-0.14064388275428596
-0.1404389652637596
-0.13901156744532772
-0.1394784892641313
-0.13782413036174618
-0.14067142324977183
-0.14064635716186347
-0.13988046140528762
-0.13939689113335527
-0.13944528401873646
-0.14053207765793174
