-3.905995527020423e-10
-3.041691343241837e-10
-3.4214053812320344e-10
-3.3645619623712264e-10
-3.4214053812320344e-10
-2.589501946204109e-10
-4.051230462209787e-10
-3.81504605684313e-10
-3.6703795558423735e-10
-3.4702907214523293e-10
-3.5711877899302635e-10
-3.7988456824677996e-10
-3.6703795558423735e-10
-3.849436325253919e-10
-3.5643665796669666e-10
-3.383888724783901e-10
-3.6703795558423735e-10
-3.851141627819743e-10
-3.382183422218077e-10
-3.9958081288204994e-10
-3.5788616514764726e-10
-3.455511432548519e-10
-2.786180175462505e-10
-3.816751359408954e-10
-3.688001015689224e-10
