5.684341886080802e-14
3.979039320256561e-13
2.8421709430404007e-13
5.684341886080802e-14
-2.8421709430404007e-13
3.979039320256561e-13
3.979039320256561e-13
1.7053025658242404e-13
8.526512829121202e-13
300.0084999999999
1.7053025658242404e-13
5.684341886080802e-14
-5.684341886080802e-14
5.684341886080802e-14
1.7053025658242404e-13
5.115907697472721e-13
-1.7053025658242404e-13
5.684341886080802e-14
300.00849999999986
-5.684341886080802e-14
5.684341886080802e-14
1.7621459846850485e-12
5.684341886080802e-14
2.8421709430404007e-13
5.684341886080802e-14
