1.3750126770517568e-07
2.9195822212058076e-06
7.636228316343363e-10
8.616683588869023e-09
5.968990224314297e-08
5.8817629433605134e-08
5.7415297072260785e-08
7.151553471640426e-08
6.257901585815517e-08
7.212298314129839e-09
5.863460827981726e-09
0.0003269839089721227
8.60893201171109e-09
1.0919275483800561e-08
1.7076971503549032e-08
1.0154241580906387e-07
1.0629911146864401e-06
1.3997649039865223e-08
3.413842094568409e-07
1.0681008544288773e-07
1.0923546256424999e-07
5.026103322425257e-08
1.3544421735289802e-06
4.597370947267976e-07
8.872387163849638e-07
