-1.000266536266281e-11
-1.000266536266281e-11
-1.000266536266281e-11
-1.000266536266281e-11
-1.000266536266281e-11
-1.0002443318057885e-11
-1.0002443318057885e-11
-1.0002887407267735e-11
-9.99600402451506e-12
-1.0002443318057885e-11
-1.000266536266281e-11
-1.0002443318057885e-11
-1.000266536266281e-11
-1.0002443318057885e-11
6.043296990165814e-06
-1.0002443318057885e-11
-1.0002443318057885e-11
-1.0002443318057885e-11
-1.0002887407267735e-11
-1.000266536266281e-11
-1.000266536266281e-11
-1.000266536266281e-11
-1.0002443318057885e-11
-1.0002887407267735e-11
-1.000266536266281e-11
